SR_44100:1.00117418411212,-1.99695018560222,0.995808431393387,1.99695018560222,-0.996982615505505,0.983735828264394,-1.91122881724588,0.928121668464827,1.91122881724588,-0.911857496729221,1.0369669239748,-1.85571937249218,0.868036540082006,1.85571937249218,-0.905003464056809,1.16934715487245,-1.37660493246565,0.60663184547699,1.37660493246565,-0.775979000349438,0.881002306430908,-0.385563503345573,0.47409829351746,0.385563503345573,-0.355100599948368
SR_48000:1.0010789138715,-1.99720006072485,0.996148524352904,1.99720006072485,-0.997227438224407,0.98500369381764,-1.91819602138348,0.93372490864574,1.91819602138348,-0.918728602463381,1.03409371097978,-1.87059672052407,0.878293253033361,1.87059672052407,-0.912386964013145,1.15696083954545,-1.45005313516576,0.635403406506123,1.45005313516576,-0.79236424605157,0.887903427773152,-0.532886958277583,0.504597300529073,0.532886958277583,-0.392500728302226
