SR_44100:1.00155462443606,-1.9946658532516,0.993129449661252,1.9946658532516,-0.994684074097308,0.96812692887435,-1.6742747606903,0.721931926964011,1.6742747606903,-0.690058855838361,1.19705084650068,-1.36371793650753,0.542280306429989,1.36371793650753,-0.739331152930671,0.688263388736058,-0.27977080101535,0.399922425864836,0.27977080101535,-0.0881858146008941,1.47226903341036,0.432248641375918,-0.421303325792125,-0.432248641375918,-0.0509657076182375
SR_48000:1.0014286196113,-1.99509955491869,0.993686318877603,1.99509955491869,-0.995114938488901,0.970347171719361,-1.69815214906586,0.741301841057017,1.69815214906586,-0.711649012776377,1.18289020816997,-1.4357077621874,0.575173354861861,1.4357077621874,-0.758063563031833,0.703157653340425,-0.405583214545569,0.428593149319734,0.405583214545569,-0.131750802660159,1.43901676086207,0.289304520006768,-0.321229930715268,-0.289304520006768,-0.117786830146798
