SR_44100:1.00066196444564,-1.99677252742092,0.996128803064998,1.99677252742092,-0.99679076751064,0.988650677841142,-1.92149897872184,0.933628669266205,1.92149897872184,-0.922279347107347,0.950506313243119,-1.67943447352418,0.823318863290138,1.67943447352418,-0.773825176533257,1.02974127175329,-1.55469063205128,0.740530239666156,1.55469063205128,-0.770271511419442,0.929362289955801,-0.633452055173579,0.586907592365579,0.633452055173579,-0.51626988232138
SR_48000:1.00060825911845,-1.99703573477858,0.996442874159606,1.99703573477858,-0.997051133278052,0.989539851299361,-1.92770764200653,0.938828594411439,1.92770764200653,-0.9283684457108,0.95410925598848,-1.70976246580129,0.836180544475412,1.70976246580129,-0.790289800463892,1.0275774216419,-1.60269866706547,0.75940817045736,1.60269866706547,-0.786985592099256,0.933851773367585,-0.773507030217228,0.61316228706687,0.773507030217228,-0.547014060434456
