SR_44100:1.00611301575424,-1.97704041031463,0.972983968676313,1.97704041031463,-0.979096984430552,0.96211518057496,-1.84605771084008,0.885984860245844,1.84605771084008,-0.848100040820804,1.04572598105714,-1.50833849437043,0.797917331443285,1.50833849437043,-0.843643312500422,0.881002306430908,-0.385563503345573,0.47409829351746,0.385563503345573,-0.355100599948368,1.18225197252536,0.726727926468082,-0.0658174802030512,-0.726727926468082,-0.116434492322306
SR_48000:1.00562109832946,-1.97904158073986,0.975157962183101,1.97904158073986,-0.980779060512557,0.964977829096917,-1.85784319823566,0.894600059585614,1.85784319823566,-0.859577888682531,1.04227490730802,-1.56920062067497,0.813169102460212,1.56920062067497,-0.85544400976823,0.887903427773152,-0.532886958277583,0.504597300529073,0.532886958277583,-0.392500728302226,1.16767880103555,0.593542931495158,0.0194070619547668,-0.593542931495158,-0.187085862990317
