SR_44100:1.00163364009364,-1.99440578870328,0.992780245673213,1.99440578870328,-0.994413885766852,0.986273158488261,-1.9246625069362,0.93933521601032,1.9246625069362,-0.925608374498581,1.00930283582787,-1.95477269490187,0.958886789396777,1.95477269490187,-0.968189625224647,0.969520207463149,-1.17566231414802,0.821752844544828,1.17566231414802,-0.791273052007977,0.878625362701558,0.0977406115287927,0.566720317462417,-0.0977406115287927,-0.445345680163975
SR_48000:1.00150124741658,-1.99485975666159,0.993365345541144,1.99485975666159,-0.994866592957724,0.987350309166609,-1.93064507584332,0.94409560558504,1.93064507584332,-0.931445914751648,1.00855800991564,-1.95939458518691,0.962178493685549,1.95939458518691,-0.970736503601187,0.97175998761283,-1.27746700511042,0.834851176498468,1.27746700511042,-0.806611164111298,0.88609322526412,-0.0967621051644344,0.593378878034549,0.0967621051644344,-0.479472103298669
