SR_44100:1.00052387686001,-1.9974419759404,0.996936345285375,1.9974419759404,-0.997460222145389,0.975583090696253,-1.91114920707589,0.936160320641699,1.91114920707589,-0.911743411337952,1.07930879444049,-1.63460010289842,0.71688575107234,1.63460010289842,-0.796194545512833,0.84588506093786,-0.541317107439083,0.449844931713749,0.541317107439083,-0.295729992651608,1.18225197252536,0.726727926468082,-0.0658174802030512,-0.726727926468082,-0.116434492322306
SR_48000:1.00048136152222,-1.99765093511329,0.997184976834151,1.99765093511329,-0.997666338356372,0.977486360732327,-1.91811953332606,0.941136550324322,1.91811953332606,-0.918622911056649,1.07345986509736,-1.6733536652418,0.737765090491059,1.6733536652418,-0.811224955588418,0.85445113949492,-0.667437505795166,0.480423872095412,0.667437505795166,-0.334875011590332,1.16767880103555,0.593542931495158,0.0194070619547668,-0.593542931495158,-0.187085862990317
