SR_44100:1.00513869440558,-1.98229983269482,0.977289911460212,1.98229983269482,-0.982428605865788,0.99688628327105,-1.97802648020224,0.981790848833451,1.97802648020224,-0.978677132104501,1.05907341991376,-1.59113561577963,0.738929290067557,1.59113561577963,-0.798002709981317,0.893756078372788,-1.14469944548853,0.72221800039988,1.14469944548853,-0.615974078772668,1.55617916212302,0.0639125562212758,-1.45799361061311,-0.0639125562212758,0.901814448490091
SR_48000:1.00472454427269,-1.98373598684653,0.979120218040877,1.98373598684653,-0.983844762313569,0.997136794451044,-1.97984294643123,0.983255849134542,1.97984294643123,-0.980392643585586,1.05471371875016,-1.63630624258863,0.758196674274113,1.63630624258863,-0.812910393024276,0.900863393941781,-1.23426831337491,0.7408005630567,1.23426831337491,-0.64166395699848,1.53082278242796,0.0924449296556793,-1.3459329231166,-0.0924449296556793,0.815110140688641
