SR_44100:0.965320002061616,-1.89840663617863,0.933242717467477,1.89840663617863,-0.898562719529093,1.1605619737429,-1.7442966422459,0.690926133727623,1.7442966422459,-0.851488107470527,0.68275848819681,-0.680307524169628,0.389325764317596,0.680307524169628,-0.0720842525144052,0.930877484258526,-0.639192754524382,0.396959123271822,0.639192754524382,-0.327836607530348,1.22008569649619,0.513053050196759,0.0273471704513328,-0.513053050196759,-0.247432866947519
SR_48000:0.968006002349297,-1.90628684198194,0.938413135309075,1.90628684198194,-0.906419137658372,1.14838796142359,-1.77157906810337,0.71436050593833,1.77157906810337,-0.862748467361923,0.697521791365996,-0.767698581455551,0.417744393480427,0.767698581455551,-0.115266184846423,0.934821545819151,-0.759014262147604,0.431368032089396,0.759014262147604,-0.366189577908547,1.20549860336962,0.335769150783034,0.0918137742802995,-0.335769150783034,-0.297312377649923
