SR_44100:1.00244704416361,-1.99161431636564,0.9891854651726,1.99161431636564,-0.991632509336215,0.971367399118137,-1.71602911498692,0.832555301867471,1.71602911498692,-0.803922700985608,0.952954719343897,-1.00831199097569,0.724877147887345,1.00831199097569,-0.677831867231242,0.955021686103699,-0.227391298918581,0.607598746156368,0.227391298918581,-0.562620432260067,1.41181084781799,0.385251911788879,-0.819968279383119,-0.385251911788879,0.408157431565133
SR_48000:1.00224898596352,-1.99229439309679,0.99006076907378,1.99229439309679,-0.9923097550373,0.973484320120842,-1.74353647246944,0.844935148173812,1.74353647246944,-0.818419468294655,0.956215421399944,-1.12099423620779,0.74394587565426,1.12099423620779,-0.700161297054204,0.957968212325403,-0.411851793915831,0.633304925061732,0.411851793915831,-0.591273137387135,1.37407229255134,0.360443415357055,-0.653185461837228,-0.360443415357055,0.27911316928589
