SR_44100:1.00182776800535,-1.99112071257095,0.989311133027206,1.99112071257095,-0.991138901032552,0.985461396465395,-1.89923358309281,0.914977612751116,1.89923358309281,-0.900439009216511,0.967463528810811,-1.72662779590162,0.856207417067464,1.72662779590162,-0.823670945878275,1.04970717790479,-1.60717173599398,0.780322719705622,1.60717173599398,-0.830029897610415,0.924661979267373,-0.805183117149411,0.559419970559923,0.805183117149411,-0.484081949827296
SR_48000:1.00167986630942,-1.99184057646058,0.990176068592443,1.99184057646058,-0.99185593490186,0.986588554742363,-1.90713618662952,0.921569283490815,1.90713618662952,-0.908157838233178,0.969892875952863,-1.75421560407791,0.866943741187071,1.75421560407791,-0.836836617139934,1.04598062846376,-1.65273248158331,0.796791935633696,1.65273248158331,-0.842772564097454,0.929356872911605,-0.923024037616641,0.586875913254975,0.923024037616641,-0.516232786166579
