SR_44100:0.98281769980787,-1.90594509694705,0.924064066106545,1.90594509694705,-0.906881765914415,1.27264178591437,-1.09401110060925,0.0267312094453867,1.09401110060925,-0.299372995359759,0.87933220881079,-0.509959073370829,0.569243596333749,0.509959073370829,-0.448575805144539,1.2501225586389,0.74514259069406,-0.105398570952998,-0.74514259069406,-0.144723987685903
SR_48000:0.984153947155159,-1.91332980537089,0.929969514684116,1.91332980537089,-0.914123461839275,1.25727901542047,-1.1594796709288,0.0815727848408024,1.1594796709288,-0.338851800261277,0.88669739338165,-0.655574898074668,0.595535619970007,0.655574898074668,-0.482233013351656,1.22965702003355,0.607352208926895,-0.0149526021797615,-0.607352208926895,-0.214704417853791
