SR_44100:1.00186645179307,-1.99518542037644,0.993337194175213,1.99518542037644,-0.995203645968284,0.984396798893528,-1.94336247134464,0.959204363533127,1.94336247134464,-0.943601162426655,0.956220888600505,-1.74488123576024,0.806521381190337,1.74488123576024,-0.762742269790842,1.09541367289913,-1.57557448106518,0.712850597808019,1.57557448106518,-0.808264270707145,1.05905850814012,-1.06817679421058,0.789174639548666,1.06817679421058,-0.848233147688785
SR_48000:1.0017151366564,-1.99557710399357,0.993877354589618,1.99557710399357,-0.995592491246015,0.985631668236286,-1.9478627392629,0.962433013888109,1.9478627392629,-0.948064682124395,0.959389465316735,-1.76468673007376,0.820524676987147,1.76468673007376,-0.779914142303882,1.08833284940292,-1.62385344776809,0.734160481100226,1.62385344776809,-0.822493330503151,1.05458921070259,-1.18917636221062,0.805129008748045,1.18917636221062,-0.859718219450631
