SR_44100:0.970494599879636,-1.90834314205193,0.938042249372974,1.90834314205193,-0.90853684925261,1.00891443997893,-1.7375197546727,0.844969301953001,1.7375197546727,-0.853883741931928,1.17719265311527,-1.4233632308165,0.367462773124508,1.4233632308165,-0.544655426239774,0.911579946594669,-0.99815245915166,0.609233964302493,0.99815245915166,-0.520813910897162,0.628218508234183,-0.45982022366938,0.219304098212428,0.45982022366938,0.152477393553388
SR_48000:0.972790897295458,-1.91549097305512,0.942864194578751,1.91549097305512,-0.915655091874209,1.00823857319477,-1.76598856569906,0.856723276356544,1.76598856569906,-0.864961849551317,1.16572774671603,-1.46956539186346,0.408389865600759,1.46956539186346,-0.574117612316788,0.917195335024212,-1.09689663847557,0.634050767629395,1.09689663847557,-0.551246102653607,0.6426455099493,-0.543164071285881,0.249599046625752,0.543164071285881,0.107755443424948
