SR_44100:0.979988760943356,-1.93342272780731,0.953516879670285,1.93342272780731,-0.93350564061364,1.01580877351073,-1.98401561661202,0.969568892085196,1.98401561661202,-0.985377665595921,0.808980005742559,-1.42944309920909,0.63229594913295,1.42944309920909,-0.441275954875509,1.46437387636718,-1.28485323667415,0.106103232173067,1.28485323667415,-0.570477108540245,0.954749649522459,-0.834613434818783,0.735373977817622,0.834613434818783,-0.690123627340082
SR_48000:0.981564903603585,-1.93867275084932,0.957178023726624,1.93867275084932,-0.938742927330208,1.01453292324737,-1.98540735248611,0.972024840803865,1.98540735248611,-0.986557764051232,0.820453260712639,-1.46461177886093,0.654381398070005,1.46461177886093,-0.474834658782644,1.43357107767674,-1.35229187195332,0.165397097721247,1.35229187195332,-0.598968175397991,0.957907454343625,-0.969544976836903,0.753840958069372,0.969544976836903,-0.711748412412998
