SR_44100:1.00243343212561,-1.988170327654,0.985769182849272,1.988170327654,-0.988202614974887,0.995891628399131,-1.959474335548,0.964157612240569,1.959474335548,-0.9600492406397,1.04658891105244,-1.61452507667447,0.72754601722402,1.61452507667447,-0.774134928276457,0.821226713581293,-0.617086788030411,0.655870256626745,0.617086788030411,-0.477096970208038,1.1127717133775,0.22354008576586,0.501613563007815,-0.22354008576586,-0.614385276385316
SR_48000:1.00223678715565,-1.98912869150388,0.986919171205943,1.98912869150388,-0.989155958361591,0.996219306297143,-1.96274958570398,0.967016350305617,1.96274958570398,-0.96323565660276,1.04319215473536,-1.65430104770903,0.747410396240435,1.65430104770903,-0.790602550975793,0.832257759650901,-0.754681117465162,0.677104475279423,0.754681117465162,-0.509362234930324,1.10503777548165,-1.00468598390844E-16,0.535793142588473,1.00468598390844E-16,-0.64083091807012
