SR_44100:1.00275784862378,-1.99633354198208,0.993593929437989,1.99633354198208,-0.996351778061765,1.11060869768396,-1.56124044882362,0.667120859598798,1.56124044882362,-0.777729557282758,1.19101174580235,-0.582676636667312,-0.117045016189994,0.582676636667312,-0.0739667296123555,0.946991046437028,-0.733086927407644,0.537537581088391,0.733086927407644,-0.484528627525419,1.22880015434897,-0.224131810070741,0.31142125078657,0.224131810070741,-0.540221405135541
SR_48000:1.00253414884996,-1.99663230407181,0.994113550610601,1.99663230407181,-0.996647699460561,1.10252184406793,-1.60897198973952,0.691458411135179,1.60897198973952,-0.793980255203106,1.18144991272555,-0.682009377588277,-0.0611269995297727,0.682009377588277,-0.120322913195782,0.950302035371259,-0.859082756107883,0.566423417321613,0.859082756107883,-0.516725452692873,1.21366735590347,-0.406509234640473,0.356963717553471,0.406509234640473,-0.570631073456943
