SR_44100:1.00612521583204,-1.98418709471337,0.978134381035025,1.98418709471337,-0.984259596867064,0.958299755370128,-1.74354478629292,0.851139668409107,1.74354478629292,-0.809439423779236,1.01890498294796,-1.80679875127621,0.889442835599098,1.80679875127621,-0.908347818547056,1.05707935888602,-1.67291906763755,0.747741898664129,1.67291906763755,-0.804821257550148,1.19477177236838,0.184714696471549,0.139220228636721,-0.184714696471549,-0.333992001005103
SR_48000:1.00563113932681,-1.98546802203351,0.979898121105436,1.98546802203351,-0.985529260432245,0.961390881208071,-1.76745572044402,0.862174280347468,1.76745572044402,-0.823565161555539,1.01743338159313,-1.82932371004634,0.898048824473343,1.82932371004634,-0.915482206066477,1.05285304697536,-1.70682600273504,0.766419778707676,1.70682600273504,-0.819272825683038,1.1826581418812,-8.42170168877408E-17,0.192755543093944,8.42170168877408E-17,-0.375413684975148
