SR_44100:1.00310579010261,-1.9919682843997,0.988913039992224,1.9919682843997,-0.992018830094832,0.993762563505482,-1.95649118339061,0.9635231994727,1.95649118339061,-0.957285762978182,1.098571468156,-1.77381111530723,0.742278154754402,1.77381111530723,-0.840849622910404,0.883621388267966,-1.52804938463952,0.755619073979734,1.52804938463952,-0.6392404622477,1.05726306577749,-1.27802719809104,0.746930019334189,1.27802719809104,-0.804193085111683
SR_48000:1.00285436956138,-1.99262224378982,0.989810553795047,1.99262224378982,-0.992664923356423,0.994259407960149,-1.96001629659414,0.966428767502438,1.96001629659414,-0.960688175462586,1.09114034394056,-1.79583724360206,0.761707337264122,1.79583724360206,-0.852847681204678,0.891500241648265,-1.56823866573667,0.772163707537392,1.56823866573667,-0.663663949185657,1.05302261078332,-1.36736580588241,0.765670403713182,1.36736580588241,-0.818693014496503
