SR_44100:1.00216058728043,-1.99649334652387,0.994350996782911,1.99649334652387,-0.996511584063341,1.00813062714029,-1.98208307826447,0.975530711146091,1.98208307826447,-0.983661338286384,1.16364681616332,-1.62351094564951,0.684987964486839,1.62351094564951,-0.848634780650161,1.09251164568864,-0.697399041915252,0.192906922943887,0.697399041915252,-0.285418568632531,0.776723994940195,-0.309066820291692,0.570204722070847,0.309066820291692,-0.346928717011042
SR_48000:1.00198532081462,-1.99677916723849,0.994809242945029,1.99677916723849,-0.996794563759654,1.0074749668406,-1.98364577690412,0.977503934242725,1.98364577690412,-0.98497890108332,1.15125342988997,-1.66827123817022,0.708844620720053,1.66827123817022,-0.860098050610026,1.08729888795733,-0.807024750353747,0.238384231730249,0.807024750353747,-0.325683119687576,0.789459466747517,-0.462048559037142,0.594719876054906,0.462048559037142,-0.384179342802422
