SR_44100:1.00063138958741,-1.99783289796063,0.997209619350467,1.99783289796063,-0.997841008937877,0.997336198351192,-1.98155703137801,0.984421971835184,1.98155703137801,-0.981758170186375,0.989060004166516,-1.91683311086973,0.936022427460678,1.91683311086973,-0.925082431627194,1.08814988493758,-1.62506442402803,0.734711116404897,1.62506442402803,-0.822861001342476,1.20375959993956,-0.147289394878651,-0.191595022899124,0.147289394878651,-0.0121645770404357
SR_48000:1.00058014005841,-1.99800940590854,0.997436112939977,1.99800940590854,-0.998016252998383,0.997550818342416,-1.98305798929691,0.985677078899746,1.98305798929691,-0.983227897242162,0.989918281018468,-1.92397464629254,0.941041667905586,1.92397464629254,-0.930959948924054,1.08156193661337,-1.66744133490254,0.754537681775338,1.66744133490254,-0.836099618388707,1.19318979208344,-0.275230104981223,-0.129782325788984,0.275230104981223,-0.0634074662944602
