SR_44100:0.987879413196444,-1.95120420121008,0.963522845844779,1.95120420121008,-0.951402259041222,1.05757376678018,-1.08605989678988,0.597178454648384,1.08605989678988,-0.65475222142856,1.11081665657658,0.613825516058408,0.0332097577587701,-0.613825516058408,-0.144026414335345
SR_48000:0.988842201559676,-1.9550950666082,0.966420377137091,1.9550950666082,-0.955262578696767,1.05361965287778,-1.18685294024563,0.624843871759973,1.18685294024563,-0.678463524637755,1.10321254745847,0.460277212456484,0.0995497712858842,-0.460277212456484,-0.202762318744356
