SR_44100:0.995038612471479,-1.98205415211404,0.987028112974788,1.98205415211404,-0.982066725446267,0.975551022287682,-1.91856495291633,0.943208675398695,1.91856495291633,-0.918759697686377,1.05709225253437,-1.73199993961551,0.747684916117093,1.73199993961551,-0.804777168651464,0.788289574244344,-0.981216172053774,0.508228292730932,0.981216172053774,-0.296517866975276,0.889173403037576,-0.180597296148138,0.351881229721476,0.180597296148138,-0.241054632759052
SR_48000:0.995438402662919,-1.98350117352781,0.98807339177378,1.98350117352781,-0.983511794436699,0.977463186651143,-1.92494860520256,0.947650347698213,1.92494860520256,-0.925113534349355,1.05286553832366,-1.75724134954956,0.766364574096667,1.75724134954956,-0.819230112420324,0.79991716201523,-1.05924936564439,0.535237442937398,1.05924936564439,-0.335154604952627,0.895253328993543,-0.331984660684152,0.387436901752999,0.331984660684152,-0.282690230746542
