SR_44100:1.00215213761601,-1.99563421819924,0.993523097779427,1.99563421819924,-0.995675235395441,0.980859190237485,-1.72549205184335,0.833011131370777,1.72549205184335,-0.813870321608261,1.05893528669909,-1.49705475546504,0.789614511897934,1.49705475546504,-0.848549798597026,1.04768245413465,-1.47215939271577,0.789270840076177,1.47215939271577,-0.836953294210826,0.82297185880946,-0.0037065328746241,0.217636924252807,0.0037065328746241,-0.040608783062267
SR_48000:1.00197762374327,-1.99599129581395,0.994048300852628,1.99599129581395,-0.996025924595901,0.982281569600513,-1.75243662125456,0.84542029919286,1.75243662125456,-0.827701868793373,1.05447601902021,-1.55993488507201,0.805533077153922,1.55993488507201,-0.860009096174129,1.04409529294765,-1.53756968157013,0.805124039689437,1.53756968157013,-0.849219332637091,0.831726042848489,-0.142019212809308,0.256325407927615,0.142019212809308,-0.0880514507761045
