SR_44100:0.993561418999753,-1.96497892762172,0.971545156600957,1.96497892762172,-0.96510657560071,0.986650410879361,-1.89619708801093,0.921931020876462,1.89619708801093,-0.908581431755823,1.13175936769786,-1.66145295011698,0.693942662624211,1.66145295011698,-0.825702030322074,1.07104005195117,-0.953299184031427,0.686043624635163,0.953299184031427,-0.757083676586332
SR_48000:0.994076163015696,-1.96778829259644,0.973820030577644,1.96778829259644,-0.96789619359334,0.987689503566925,-1.90520279416179,0.928007680210303,1.90520279416179,-0.915697183777229,1.12189459206286,-1.69878501990432,0.716857063455139,1.69878501990432,-0.838751655517999,1.0658964856923,-1.08035169817575,0.708775243978464,1.08035169817575,-0.774671729670767
