SR_44100:1.00099122573098,-1.99660246926931,0.995619349520173,1.99660246926931,-0.996610575251153,1.0113583012876,-1.95399961218013,0.949802808350886,1.95399961218013,-0.961161109638484,1.05455252445928,-1.68525307699649,0.835823060672804,1.68525307699649,-0.890375585132081,1.06193188872392,-1.17366401286897,0.726296493749368,1.17366401286897,-0.788228382473293
SR_48000:1.00091081402544,-1.99687869405176,0.995974723241261,1.99687869405176,-0.996885537266701,1.01045187706668,-1.95820540197942,0.953808684685807,1.95820540197942,-0.964260561752485,1.05034136302787,-1.72441676812882,0.848496637224462,1.72441676812882,-0.898838000252334,1.05738075119349,-1.27547261342218,0.746409917143607,1.27547261342218,-0.803790668337096
