SR_44100:0.967270039752628,-1.8908113463778,0.923973189453241,1.8908113463778,-0.891243229205868,1.03999772194297,-1.84202240779767,0.823232958603448,1.84202240779767,-0.863230680546418,0.67717536579277,-0.646425110054536,0.378578529545485,0.646425110054536,-0.0557538953382547,0.791245467170005,-0.545749590709319,0.515094390635031,0.545749590709319,-0.306339857805036,1.26526442662479,0.21763127978431,0.306448013946987,-0.21763127978431,-0.571712440571778
SR_48000:0.969796073044666,-1.89927068757252,0.929840787613371,1.89927068757252,-0.899636860658036,1.0369509687337,-1.85564146213911,0.836697864215711,1.85564146213911,-0.873648832949414,0.692015394832654,-0.735481762594871,0.40714485221847,0.735481762594871,-0.0991602470511234,0.802847885191382,-0.67244648023151,0.542045075271637,0.67244648023151,-0.344892960463019,1.24712302111932,-9.8029921122508E-17,0.353879959414401,9.8029921122508E-17,-0.601002980533722
