SR_44100:0.983470272082665,-1.92342973873837,0.940992653622971,1.92342973873837,-0.924462925705636,1.09831899804372,-1.66703372709293,0.771619648147378,1.66703372709293,-0.8699386461911,1.06624292666137,-1.34545438412205,0.612608477169319,1.34545438412205,-0.678851403830685,0.485960528099571,-0.298982073461745,0.229701390812065,0.298982073461745,0.284338081088364,1.53008594467019,0.393479906907374,-0.113115993573674,-0.393479906907374,-0.416969951096515
SR_48000:0.984766651285871,-1.92951227042445,0.945620430744415,1.92951227042445,-0.930387082030287,1.09080086896709,-1.70720382979528,0.789083139415161,1.70720382979528,-0.879884008382254,1.06163929424672,-1.41447117238555,0.639530720215416,1.41447117238555,-0.701170014462138,0.503083744326566,-0.379222311553483,0.255360878780401,0.379222311553483,0.241555376893033,1.49340458115223,0.190217776289722,-0.0360895928390928,-0.190217776289722,-0.457314988313132
