SR_44100:1.00217802446229,-1.99559080742045,0.993445190785528,1.99559080742045,-0.995623215247817,1.06449759869178,-1.45824149486987,0.622815231219198,1.45824149486987,-0.687312829910979,1.22052027225985,-1.51217269742527,0.575509371553166,1.51217269742527,-0.796029643813017,0.900679405711675,-0.793061151140876,0.561059811678089,0.793061151140876,-0.461739217389764,1.26557909326006,0.365864237288174,0.0519434061549402,-0.365864237288174,-0.317522499415005
SR_48000:1.00200141569105,-1.99595075381556,0.993976698498641,1.99595075381556,-0.995978114189694,1.05999734976142,-1.51255912693425,0.649132883142445,1.51255912693425,-0.709130232903862,1.20422592399046,-1.56845957084185,0.606875186886713,1.56845957084185,-0.811101110877171,0.906781382042938,-0.909981720271031,0.588027055069781,0.909981720271031,-0.494808437112719,1.24840772912522,0.177730855995395,0.11324124701102,-0.177730855995395,-0.361648976136236
