SR_44100:0.990444548220485,-1.95604784991636,0.965889223599892,1.95604784991636,-0.956333771820377,1.03163251099568,-1.7326343878477,0.86020240381131,1.7326343878477,-0.891834914806993,0.954552225406183,-1.17915000165107,0.603503062028234,1.17915000165107,-0.558055287434417,1.06193188872392,-1.17366401286897,0.726296493749368,1.17366401286897,-0.788228382473293,1.08900553332432,0.435557697553316,0.479491761118515,-0.435557697553316,-0.56849729444283
SR_48000:0.991205343067036,-1.9595686532369,0.96860508711905,1.9595686532369,-0.959810430186087,1.02918933006227,-1.76491387698339,0.87099986537202,1.76491387698339,-0.900189195434294,0.957502822994814,-1.25885149555195,0.629244760483981,1.25885149555195,-0.586747583478795,1.05738075119349,-1.27547261342218,0.746409917143607,1.27547261342218,-0.803790668337096,1.08297841463443,0.20854391998704,0.514738613955967,-0.20854391998704,-0.597717028590398
