SR_44100:0.97193290128777,-1.91275185572603,0.941062507346366,1.91275185572603,-0.912995408634136,1.09288798268728,-1.63326858597988,0.589488273748768,1.63326858597988,-0.682376256436052,0.81138586308523,-0.944032416428578,0.603933259266942,0.944032416428578,-0.415319122352171,0.815243804058757,-0.556547372344559,0.516942289393759,0.556547372344559,-0.332186093452516,1.10451873444239,0.490531034339117,0.088154292757645,-0.490531034339117,-0.19267302720003
SR_48000:0.974121968823942,-1.91957493834915,0.945659282850462,1.91957493834915,-0.919781251674404,1.08642907065683,-1.66243396065222,0.618032968666428,1.66243396065222,-0.704462039323261,0.822579083989063,-1.03864981271919,0.627437661398208,1.03864981271919,-0.450016745387271,0.825704076959658,-0.684997732639268,0.544291388318878,0.684997732639268,-0.369995465278535,1.09787609428429,0.321966316735677,0.146106227836333,-0.321966316735677,-0.243982322120626
