SR_44100:0.990425563956695,-1.9478273155489,0.957686471873857,1.9478273155489,-0.948112035830553,0.992172094818279,-1.91431944240579,0.931707537651184,1.91431944240579,-0.923879632469463,1.03573213153814,-1.67405681621787,0.842084427113251,1.67405681621787,-0.877816558651388,1.06193188872392,-1.17366401286897,0.726296493749368,1.17366401286897,-0.788228382473293,1.3651187947673,0.489180494107387,-0.613616125471241,-0.489180494107387,0.248497330703938
SR_48000:0.991184927130714,-1.9519865082278,0.961042422540452,1.9519865082278,-0.952227349671165,0.992785874725588,-1.92175231795388,0.937062296074706,1.92175231795388,-0.929848170800293,1.0329907226684,-1.71383926850125,0.854199885484938,1.71383926850125,-0.887190608153334,1.05738075119349,-1.27547261342218,0.746409917143607,1.27547261342218,-0.803790668337096,1.33164497088426,0.432981995415676,-0.465680980052902,-0.432981995415676,0.134036009168647
