SR_44100:1.01721664335349,-1.98402511141349,0.966858812199115,1.98402511141349,-0.9840754555526,0.9663058962872,-1.88224568070564,0.921733628145133,1.88224568070564,-0.888039524432333,1.10158498906295,-1.54581246433363,0.734399098234758,1.54581246433363,-0.835984087297711,0.720199490333143,-0.710094249305311,0.461397843513123,0.710094249305311,-0.181597333846266,1.43247682530557,0.444300248491185,0.167503479469999,-0.444300248491185,-0.599980304775572
SR_48000:1.01582801803553,-1.98531734225691,0.969531847325795,1.98531734225691,-0.985359865361326,0.968902426040203,-1.89175407175496,0.92776497905783,1.89175407175496,-0.896667405098032,1.09394245252118,-1.60069509263988,0.754381032731114,1.60069509263988,-0.848323485252293,0.734363680763885,-0.806397662348756,0.48866321025592,0.806397662348756,-0.223026891019805,1.4016568920253,0.212560235942467,0.22683032825701,-0.212560235942467,-0.628487220282314
