SR_44100:1.00147831608192,-1.99280069667416,0.991354743109007,1.99280069667416,-0.992833059190924,0.990627443155372,-1.93503045829702,0.94518887899657,1.93503045829702,-0.935816322151942,1.15108423469349,-1.28384530788815,0.545308902228982,1.28384530788815,-0.696393136922472,0.962448151704679,-0.682985884025691,0.672388956393463,0.682985884025691,-0.634837108098142,1.1127717133775,0.22354008576586,0.501613563007815,-0.22354008576586,-0.614385276385316
SR_48000:1.00135859828827,-1.99338613105494,0.992054857985114,1.99338613105494,-0.993413456273379,0.991366493928698,-1.94021228386337,0.949510880136274,1.94021228386337,-0.940877374064972,1.14046571725083,-1.36276783692026,0.577265547887596,1.36276783692026,-0.717731265138429,0.964995911675198,-0.829806058805025,0.694616205934852,0.829806058805025,-0.65961211761005,1.10503777548165,-1.00468598390844E-16,0.535793142588473,1.00468598390844E-16,-0.64083091807012
