SR_44100:0.978733156510093,-1.92293435138169,0.944396383159336,1.92293435138169,-0.92312953966943,1.07192088184238,-1.73629856275685,0.682150860590603,1.73629856275685,-0.754071742432988,0.855555987789872,-0.977496957608257,0.565292787751709,0.977496957608257,-0.420848775541581,1.07442951921116,-0.726946019954555,0.564732927061586,0.726946019954555,-0.639162446272747
SR_48000:0.980399936017423,-1.92898895287447,0.948754292179892,1.92898895287447,-0.929154228197315,1.06673356280596,-1.75665132989939,0.705075842172209,1.75665132989939,-0.771809404978169,0.864180653714424,-1.06875467957796,0.591248896442328,1.06875467957796,-0.455429550156753,1.06934609427714,-0.869336827959956,0.59446101767648,0.869336827959956,-0.663807111953622
