SR_44100:0.968989713920446,-1.90910266110393,0.940306731479477,1.90910266110393,-0.909296445399923,1.00680885383917,-1.96239238999974,0.960181525931512,1.96239238999974,-0.966990379770679,1.02159428509977,-1.79149540491187,0.811606442861759,1.79149540491187,-0.833200727961524,0.931724490624166,-1.60008814960447,0.794523456587288,1.60008814960447,-0.726247947211454,0.890520357674465,-0.587669940470742,0.516162633096183,0.587669940470742,-0.406682990770649
SR_48000:0.971404010491136,-1.91619396453034,0.944954133090436,1.91619396453034,-0.916358143581572,1.006264014035,-1.96574516848053,0.963367772857372,1.96574516848053,-0.969631786892373,1.01997355166955,-1.8102546637755,0.825746097621317,1.8102546637755,-0.845719649290872,0.936572586946119,-1.63778793891601,0.809113901733337,1.63778793891601,-0.745686488679455,0.897044687218356,-0.721020561602482,0.544996435986607,0.721020561602482,-0.442041123204963
