SR_44100:0.999457982071087,-1.99703774285259,0.997604590936094,1.99703774285259,-0.997062573007181,0.978390758422713,-1.91307766263366,0.934966545022323,1.91307766263366,-0.913357303445036,1.0084368900665,-1.93924697952087,0.950660699103385,1.93924697952087,-0.959097589169888,0.974042206177952,-1.79851417901412,0.885281406234896,1.79851417901412,-0.859323612412848,1.04760567554549,-1.64900530182349,0.83005863130515,1.64900530182349,-0.877664306850642
SR_48000:0.999501961601164,-1.99727995521145,0.997798955290761,1.99727995521145,-0.997300916891925,0.980076463941591,-1.91987929427058,0.940039710296332,1.91987929427058,-0.920116174237923,1.00776425392926,-1.94557030898319,0.954594304556056,1.94557030898319,-0.962358558485319,0.976014901781186,-1.81834584434576,0.893999591881989,1.81834584434576,-0.870014493663175,1.04395323581962,-1.69244392323918,0.843097005385074,1.69244392323918,-0.887050241204698
