SR_44100:0.981523586095181,-1.93850922265967,0.957082049323968,1.93850922265967,-0.938605635419149,0.904704994280484,-1.22445063782316,0.713207729114777,1.22445063782316,-0.617912723395262,1.16470886502308,-0.971724810300041,0.569357407207581,0.971724810300041,-0.734066272230661,0.900629241724601,-0.464520668939,0.418875473755342,0.464520668939,-0.319504715479942,1.24683578253763,0.475432624661671,-0.0908729015165652,-0.475432624661671,-0.155962881021069
SR_48000:0.982982376515141,-1.94337139240734,0.960470601648734,1.94337139240734,-0.943452978163874,0.911088140293262,-1.30388103679316,0.732417937735623,1.30388103679316,-0.643506078028885,1.15289359199959,-1.09434776932876,0.600249246627842,1.09434776932876,-0.753142838627431,0.906277428740908,-0.600709310266656,0.451906317647026,0.600709310266656,-0.358183746387934,1.23046363670843,0.313674771251908,-0.0185173862782971,-0.313674771251908,-0.211946250430137
