SR_44100:0.986392462122844,-1.96016679149071,0.973806161919294,1.96016679149071,-0.960198624042138,0.990528889653269,-1.94822700475774,0.958143112322273,1.94822700475774,-0.948672001975543,1.15200163732072,-1.67690194608359,0.646922892785746,1.67690194608359,-0.798924530106468,0.712544432250563,-0.528846671980758,0.332283637843643,0.528846671980758,-0.0448280700942059,1.31757228181447,0.486927696441518,-0.133660380042814,-0.486927696441518,-0.183911901771657
SR_48000:0.987477833469495,-1.96334636816899,0.975895448134644,1.96334636816899,-0.963373281604139,0.99128025902099,-1.95236758396973,0.961463734939667,1.95236758396973,-0.952743993960657,1.14076823804841,-1.7097486575858,0.673016401968678,1.7097486575858,-0.813784640017093,0.725797128558091,-0.628433082546513,0.363067672525967,0.628433082546513,-0.088864801084058,1.29603357331048,0.320744466207783,-0.0567721191128827,-0.320744466207783,-0.239261454197598
