SR_44100:0.982036125466993,-1.92764278203694,0.945937351781247,1.92764278203694,-0.927973477248241,1.15275928890684,-1.66297581009555,0.705945916515348,1.66297581009555,-0.858705205422189,1.02898483411359,-1.57176564972024,0.747129577270397,1.57176564972024,-0.776114411383987,0.777746820256344,-0.393237676760736,0.483739049419032,0.393237676760736,-0.261485869675376,1.5112425415171,0.382098474997816,0.0158833674863767,-0.382098474997816,-0.527125909003479
SR_48000:0.983447314006228,-1.93335170578103,0.950184352584266,1.93335170578103,-0.933631666590494,1.14113603055983,-1.70281997484939,0.728320114541494,1.70281997484939,-0.869456145101327,1.02686985353739,-1.61783990673471,0.765581158889713,1.61783990673471,-0.792451012427101,0.789771932901851,-0.529344769882525,0.511671590552405,0.529344769882525,-0.301443523454256,1.47532777387951,0.163100495807358,0.085017520681319,-0.163100495807358,-0.560345294560831
