SR_44100:1.00034939911592,-1.99829798498929,0.997956698738821,1.99829798498929,-0.99830609785474,0.998614465109828,-1.98623640236043,0.987912271913946,1.98623640236043,-0.986526737023774,0.993170302544421,-1.92961367546044,0.940416133625626,1.92961367546044,-0.933586436170047,1.08085662330177,-1.45112013367066,0.642659997018112,1.45112013367066,-0.723516620319883,0.817745478535496,-0.530253209456593,0.451501285977672,0.530253209456593,-0.269246764513168
SR_48000:1.00032103252684,-1.99843677176075,0.998122587788314,1.99843677176075,-0.998443620315157,0.998726343063559,-1.987369457134,0.988888321158983,1.987369457134,-0.987614664222542,0.993708285537666,-1.93545524167659,0.945109622171745,1.93545524167659,-0.938817907709412,1.0751061498895,-1.50963811881433,0.668073798663245,1.50963811881433,-0.74317994855275,0.82767986006743,-0.65453943533633,0.48139901060523,0.65453943533633,-0.30907887067266
