SR_44100:0.995922482205301,-1.9809725289013,0.985444194479571,1.9809725289013,-0.981366676684871,0.977604925092526,-1.73611738313444,0.804620166645737,1.73611738313444,-0.782225091738263,1.06247402951086,-1.40222897735668,0.634649152002277,1.40222897735668,-0.697123181513138
SR_48000:0.996250944095773,-1.98253471784621,0.986616728270791,1.98253471784621,-0.982867672366563,0.979242660347347,-1.75885690018556,0.818908149270821,1.75885690018556,-0.798150809618168,1.05809198948626,-1.46514914981868,0.660275513091551,1.46514914981868,-0.718367502577813
