SR_44100:1.00124529634949,-1.9967917665768,0.995554576977678,1.9967917665768,-0.996799873327169,0.92756910421942,-1.70607431082369,0.782017736120359,1.70607431082369,-0.709586840339779,1.12793704272619,-1.52087895657597,0.54329403167732,1.52087895657597,-0.671231074403505,1.04076397918498,-1.53121562400208,0.761610472710032,1.53121562400208,-0.802374451895011,1.19477177236838,0.184714696471549,0.139220228636721,-0.184714696471549,-0.333992001005103
SR_48000:1.00114426474398,-1.99705265762444,0.995915236691566,1.99705265762444,-0.997059501435547,0.932663188598313,-1.7270111613276,0.797348487360393,1.7270111613276,-0.730011675958706,1.1190774162214,-1.5650503457317,0.574920871063509,1.5650503457317,-0.693998287284909,1.03774949660929,-1.58531546838668,0.779239298222417,1.58531546838668,-0.816988794831707,1.1826581418812,-8.42170168877408E-17,0.192755543093944,8.42170168877408E-17,-0.375413684975148
