SR_44100:0.990589549169816,-1.96846622106233,0.978140927852687,1.96846622106233,-0.968730477022503,1.15713972086365,-1.60916208916534,0.589147452300671,1.60916208916534,-0.746287173164316,0.930842309324731,-1.31617807449904,0.694362584251279,1.31617807449904,-0.62520489357601,1.06799015089313,-0.906258853911762,0.602390633695587,0.906258853911762,-0.670380784588713,0.87927434358027,0.0718663824702622,0.466461686583049,-0.0718663824702622,-0.34573603016332
SR_48000:0.991343157796361,-1.97101126259484,0.979891448166299,1.97101126259484,-0.97123460596266,1.14582575926027,-1.64735339143477,0.618728578726064,1.64735339143477,-0.764554337986335,0.93549623206319,-1.38416412298438,0.714930259443846,1.38416412298438,-0.650426491507036,1.06327752716559,-1.0307717689902,0.629950262690706,1.0307717689902,-0.693227789856295,0.886338696667649,-0.108589018958578,0.497682084495137,0.108589018958578,-0.384020781162786
