SR_44100:1.00090545246189,-1.99559209768678,0.994704874531637,1.99559209768678,-0.99561032699353,0.986610272910249,-1.94592644030285,0.959703342167736,1.94592644030285,-0.946313615077985,0.960504975336757,-1.59216712352543,0.825454592900075,1.59216712352543,-0.785959568236833,1.16233796759866,-1.39997933649817,0.687507433305108,1.39997933649817,-0.849845400903768,0.822316524447354,-0.987365067199,0.657968088697609,0.987365067199,-0.480284613144963
SR_48000:1.00083203278311,-1.99595087866237,0.995134236013759,1.99595087866237,-0.995966268796864,0.987671328879925,-1.95024040982378,0.962896611833675,1.95024040982378,-0.9505679407136,0.963398418308878,-1.63614740670755,0.838241954999365,1.63614740670755,-0.801640373308243,1.1500334849792,-1.47661021271764,0.711192954397223,1.47661021271764,-0.861226439376419,0.833286388275565,-1.08331423120501,0.679084534558542,1.08331423120501,-0.512370922834106
