SR_44100:1.00182776800535,-1.99112071257095,0.989311133027206,1.99112071257095,-0.991138901032552,0.970889516995886,-1.86621383793473,0.896082236657689,1.86621383793473,-0.866971753653574,1.06888173254301,-1.40274297241553,0.597176625340534,1.40274297241553,-0.666058357883542,0.84220061719809,-0.419864900961323,0.633455595729313,0.419864900961323,-0.475656212927403,1.10640501292364,0.96608336319059,0.377738845929545,-0.96608336319059,-0.484143858853184
SR_48000:1.00167986630942,-1.99184057646058,0.990176068592443,1.99184057646058,-0.99185593490186,0.973109723908866,-1.87647434990767,0.904007867315256,1.87647434990767,-0.877117591224122,1.06412750325633,-1.46280963121952,0.624979565459205,1.46280963121952,-0.689107068715537,0.851957151299033,-0.577115592389588,0.656118567638818,0.577115592389588,-0.508075718937852,1.09867413871045,0.760811737024613,0.42294933533878,-0.760811737024613,-0.521623474049227
