SR_44100:1.00081115996574,-1.99372631777821,0.992923252117458,1.99372631777821,-0.993734412083203,0.99418358545351,-1.95965964719912,0.965985354178303,1.95965964719912,-0.960168939631813,1.06298929078296,-1.62628979757556,0.631635881621347,1.62628979757556,-0.694625172404309,0.790056124202925,-0.593181823381716,0.0721682140575775,0.593181823381716,0.137775661739497,0.955021686103699,-0.227391298918581,0.607598746156368,0.227391298918581,-0.562620432260067
SR_48000:1.0007454429104,-1.9942351917216,0.993496582966979,1.9942351917216,-0.994242025877379,0.994647519087386,-1.96291538316333,0.968698458293376,1.96291538316333,-0.963345977380762,1.05858142010623,-1.65752361936583,0.657413301490318,1.65752361936583,-0.715994721596549,0.798433806963649,-0.666490631165871,0.109192777543556,0.666490631165871,0.0923734154927948,0.957968212325403,-0.411851793915831,0.633304925061732,0.411851793915831,-0.591273137387135
