SR_44100:0.988452944501189,-1.96153330086407,0.973177914236805,1.96153330086407,-0.961630858737994,1.00349111168698,-1.99037392832019,0.987537530104251,1.99037392832019,-0.991028641791235,0.961322909643537,-1.85602988200947,0.898876101960633,1.85602988200947,-0.86019901160417,1.02759668139172,-1.8622819362229,0.878038461067032,1.8622819362229,-0.905635142458752,0.952436410774099,-0.2436402706589,0.721846056776641,0.2436402706589,-0.674282467550739
SR_48000:0.989374589511788,-1.96461087006896,0.975318757980047,1.96461087006896,-0.964693347491835,1.0032086273055,-1.99120171113477,0.988545934708846,1.99120171113477,-0.991754562014342,0.964263060515837,-1.86728690789011,0.906563327506573,1.86728690789011,-0.87082638802241,1.02545121729225,-1.87621419280516,0.887520184596849,1.87621419280516,-0.912971401889099,0.955734364728776,-0.439181496605834,0.741132635270662,0.439181496605834,-0.696866999999438
