SR_44100:0.994986983134269,-1.97692912067019,0.982104676854369,1.97692912067019,-0.977091659988638,0.985919603449533,-1.83121287784965,0.877159351198506,1.83121287784965,-0.863078954648039,1.05273799896299,-1.65596015448205,0.766928225083547,1.65596015448205,-0.81966622404654,1.0544235027498,-1.33844010583478,0.759479262913107,1.33844010583478,-0.813902765662909,1.28241634388233,0.52408449047575,-0.00816172591217157,-0.52408449047575,-0.274254617970158
SR_48000:0.995390002998094,-1.97879604075755,0.983543365550303,1.97879604075755,-0.978933368548398,0.986991712626563,-1.84644360640602,0.886512680589503,1.84644360640602,-0.873504393216065,1.04880439420394,-1.69357918574613,0.784312507025218,1.69357918574613,-0.833116901229158,1.05037443388354,-1.42042718193946,0.777373830131739,1.42042718193946,-0.827748264015276,1.263322765756,0.342500611537027,0.0599979790576541,-0.342500611537027,-0.323320744813657
