SR_44100:1.00182776800535,-1.99112071257095,0.989311133027206,1.99112071257095,-0.991138901032552,0.970889516995886,-1.86621383793473,0.896082236657689,1.86621383793473,-0.866971753653574,1.03992025909009,-1.539457846996,0.651726390703967,1.539457846996,-0.691646649794059,0.692156758585114,-0.312859059447333,0.407416970457335,0.312859059447333,-0.0995737290424486,1.10640501292364,0.96608336319059,0.377738845929545,-0.96608336319059,-0.484143858853184
SR_48000:1.00167986630942,-1.99184057646058,0.990176068592443,1.99184057646058,-0.99185593490186,0.973109723908866,-1.87647434990767,0.904007867315256,1.87647434990767,-0.877117591224122,1.03713073371808,-1.58278449438031,0.676062857742906,1.58278449438031,-0.713193591460991,0.706969649013119,-0.437369163362364,0.435931052643343,0.437369163362364,-0.142900701656462,1.09867413871045,0.760811737024613,0.42294933533878,-0.760811737024613,-0.521623474049227
