SR_44100:1.00060624530829,-1.99004487679873,0.989456810124515,1.99004487679873,-0.990063055432802,0.970889516995886,-1.86621383793473,0.896082236657689,1.86621383793473,-0.866971753653574,1.0220183108205,-1.51195536489746,0.807907144020491,1.51195536489746,-0.829925454840992,0.678087912934949,-0.301150556233602,0.380335137706273,0.301150556233602,-0.0584230506412214,1.10640501292364,0.96608336319059,0.377738845929545,-0.96608336319059,-0.484143858853184
SR_48000:1.00055721272865,-1.99085139582956,0.990309533914938,1.99085139582956,-0.990866746643586,0.973109723908866,-1.87647434990767,0.904007867315256,1.87647434990767,-0.877117591224122,1.02036807207506,-1.57113639744,0.822304210000927,1.57113639744,-0.842672282075984,0.693114210442082,-0.42186035348162,0.409260017975402,0.42186035348162,-0.102374228417484,1.09867413871045,0.760811737024613,0.42294933533878,-0.760811737024613,-0.521623474049227
