SR_44100:1.00060189449722,-1.99533260021463,0.9947489326537,1.99533260021463,-0.995350827150924,0.997516601643791,-1.975537518181,0.978334256125818,1.975537518181,-0.975850857769609,1.24023479620782,-1.43975346879731,0.537559887025316,1.43975346879731,-0.777794683233133,0.912355482048712,-0.474073724275044,0.487451038350457,0.474073724275044,-0.39980652039917,1.24493947043528,0.563694313157967,0.125622136936487,-0.563694313157967,-0.370561607371763
SR_48000:1.00055309500523,-1.99571237746227,0.995174670752531,1.99571237746227,-0.995727765757758,0.997716139189846,-1.97752645593217,0.980075068007772,1.97752645593217,-0.977791207197618,1.22263253675834,-1.50463865693936,0.571443366758136,1.50463865693936,-0.794075903516477,0.917577604854007,-0.618027887500909,0.517990240162806,0.618027887500909,-0.435567845016814,1.22834812039152,0.365762448351088,0.18484946020463,-0.365762448351088,-0.413197580596151
