SR_44100:1.00124529634949,-1.9967917665768,0.995554576977678,1.9967917665768,-0.996799873327169,0.999422820025917,-1.9891831914043,0.98996228428344,1.9891831914043,-0.989385104309358,0.925223543342157,-1.76748426247135,0.842978538319101,1.76748426247135,-0.768202081661258,1.15588716768393,-1.53499402917083,0.530854377053849,1.53499402917083,-0.686741544737777,1.24931666365972,0.188220865709296,0.109996558702802,-0.188220865709296,-0.35931322236252
SR_48000:1.00114426474398,-1.99705265762444,0.995915236691566,1.99705265762444,-0.997059501435547,0.999469487236282,-1.99007285028314,0.990773872023764,1.99007285028314,-0.990243359260046,0.930647142072196,-1.78440289797548,0.85436743581739,1.78440289797548,-0.785014577889586,1.14499880744253,-1.57856082769378,0.563623120140328,1.57856082769378,-0.708621927582856,1.23353497288155,-8.57143964426551E-17,0.166333583656869,8.57143964426551E-17,-0.399868556538414
