SR_44100:1.00152279481041,-1.99606853212017,0.994563970968641,1.99606853212017,-0.996086765779053,0.984536909665319,-1.92898034144019,0.944800305727905,1.92898034144019,-0.929337215393225,1.04625300261214,-1.71690754203847,0.79558819777003,1.71690754203847,-0.841841200382174,0.831560297466959,-0.754770382934777,0.559602877368814,0.754770382934777,-0.391163174835772,1.27379438331908,0.30244148652977,0.17601019744085,-0.30244148652977,-0.449804580759925
SR_48000:1.00139929011198,-1.99638875108321,0.995004854482013,1.99638875108321,-0.996404144593997,0.985752439669248,-1.93458980277905,0.949139469707625,1.93458980277905,-0.934891909376872,1.0427656720272,-1.74743662880947,0.811000203252518,1.74743662880947,-0.853765875279719,0.84143841119251,-0.868622380753168,0.585429881313461,0.868622380753168,-0.426868292505971,1.25567929523147,0.097202602949591,0.230527925948287,-0.097202602949591,-0.486207221179754
