SR_44100:0.997701091923507,-1.97684203951103,0.979943792162439,1.97684203951103,-0.977644884085945,1.00772109295601,-1.95853549872552,0.954846711809135,1.95853549872552,-0.962567804765148,0.983500788624522,-1.86789247389642,0.903511892629297,1.86789247389642,-0.887012681253819,1.05251415563765,-1.37771874256636,0.767917484482226,1.37771874256636,-0.820431640119873,0.968438445673044,-1.01748040671695,0.724649671846193,1.01748040671695,-0.693088117519237
SR_48000:0.997885960035441,-1.97876427899446,0.98155662449506,1.97876427899446,-0.979442584530501,1.00710452826713,-1.96214789532128,0.95845240898748,1.96214789532128,-0.965556937254614,0.984771753489964,-1.87949818828015,0.910944550567325,1.87949818828015,-0.895716304057289,1.04859482980292,-1.45487792606131,0.785238661749825,1.45487792606131,-0.833833491552742,0.970644473281317,-1.13047480164251,0.743895568913295,1.13047480164251,-0.714540042194612
