SR_44100:0.977906252747436,-1.92642738966742,0.94867952408303,1.92642738966742,-0.926585776830466,0.991228335970627,-1.86516729338507,0.923473966335049,1.86516729338507,-0.914702302305675,1.16269888122406,-1.48884782700958,0.57461264732207,1.48884782700958,-0.737311528546129,0.900679405711675,-0.793061151140876,0.561059811678089,0.793061151140876,-0.461739217389764,1.20722455616132,0.358613197800343,0.0841860506561078,-0.358613197800343,-0.291410606817427
SR_48000:0.979640696907443,-1.93221498071316,0.952708378886401,1.93221498071316,-0.932349075793844,0.991913117301224,-1.87937492124715,0.929448157661,1.87937492124715,-0.921361274962224,1.15103097771777,-1.54333481018059,0.605119179060333,1.54333481018059,-0.756150156778103,0.906781382042938,-0.909981720271031,0.588027055069781,0.909981720271031,-0.494808437112719,1.19407487232261,0.1744319401731,0.142300128022366,-0.1744319401731,-0.336375000344981
