SR_44100:1.00110973082678,-1.99460175631528,0.993510245748687,1.99460175631528,-0.994619976575471,0.967079877324387,-1.77168054620373,0.807481687512516,1.77168054620373,-0.774561564836903,1.019760660346,-1.91057144870142,0.929458964145883,1.91057144870142,-0.949219624491887,0.855643148573141,-0.635145634215794,0.664680588928073,0.635145634215794,-0.520323737501214,1.1516370220788,0.351239527840343,0.113220084599967,-0.351239527840343,-0.26485710667877
SR_48000:1.00101978801054,-1.99504064015352,0.994036235258916,1.99504064015352,-0.99505602326946,0.969476395615254,-1.78851856027531,0.821496630948458,1.78851856027531,-0.790973026563711,1.01819245105097,-1.92054221905444,0.935057112495726,1.92054221905444,-0.953249563546696,0.864794706313338,-0.775366498698787,0.685938291084236,0.775366498698787,-0.550732997397574,1.14220024975343,0.171068539939219,0.168406740534148,-0.171068539939219,-0.310606990287575
