SR_44100:1.00244704416361,-1.99161431636564,0.9891854651726,1.99161431636564,-0.991632509336215,0.979918045711618,-1.86798915041369,0.911249254393051,1.86798915041369,-0.89116730010467,1.20829503842162,-1.44882571730879,0.562605760480213,1.44882571730879,-0.77090079890183,1.2000804104681,0.856527915942414,0.115759086222893,-0.856527915942414,-0.315839496690996
SR_48000:1.00224898596352,-1.99229439309679,0.99006076907378,1.99229439309679,-0.9923097550373,0.981468078345362,-1.87990969974053,0.918099511593338,1.87990969974053,-0.899567589938699,1.19309205373272,-1.51184185669233,0.594530178732411,1.51184185669233,-0.787622232465135,1.18468631720153,0.684239243024168,0.183792168846806,-0.684239243024168,-0.368478486048337
