SR_44100:0.982950679386338,-1.92158910762681,0.939137826588883,1.92158910762681,-0.922088505975221,1.07260091883748,-1.59415073447507,0.679145486238662,1.59415073447507,-0.751746405076144,0.855643148573141,-0.635145634215794,0.664680588928073,0.635145634215794,-0.520323737501214,2.05510947216322,0.192972455386353,-1.75865587871388,-0.192972455386353,0.703546406550658
SR_48000:0.984286276453568,-1.92776899462201,0.943905602511168,1.92776899462201,-0.928191878964736,1.06736525008496,-1.63494285666796,0.702284145896204,1.63494285666796,-0.769649395981165,0.864794706313338,-0.775366498698787,0.685938291084236,0.775366498698787,-0.550732997397574,1.96668798341274,0.219608067292697,-1.52747184882734,-0.219608067292697,0.560783865414607
