SR_44100:0.987040812270484,-1.95308676386551,0.966117317343298,1.95308676386551,-0.953158129613781,1.01020927361558,-1.9724946465444,0.969274982018279,1.9724946465444,-0.979484255633857,0.929919802882787,-1.66883496595418,0.789092211878492,1.66883496595418,-0.719012014761279,1.06630130533793,-1.38467319215452,0.763319510829824,1.38467319215452,-0.829620816167759,0.82550621407992,-0.229061479383976,-0.0204472667342732,0.229061479383976,0.194941052654353
SR_48000:0.988071058716735,-1.95682167100646,0.968810967140269,1.95682167100646,-0.956882025857005,1.00938757714494,-1.97523006788506,0.971747894370974,1.97523006788506,-0.98113547151591,0.934876513592409,-1.69600915300066,0.80400953424812,1.69600915300066,-0.73888604784053,1.06132988830325,-1.46167119559478,0.781066332097366,1.46167119559478,-0.842396220400621,0.832684113464054,-0.326893359982,0.0215294017689119,0.326893359982,0.145786484767034
