SR_44100:0.991110466968298,-1.9643168617795,0.973246768327243,1.9643168617795,-0.964357235295541,0.981441084450359,-1.87214741179054,0.891466652830507,1.87214741179054,-0.872907737280866,1.06830896516067,-1.48724481285681,0.698113465323648,1.48724481285681,-0.766422430484316,0.879258858357601,-0.75267126535938,0.684314027139258,0.75267126535938,-0.563572885496858,1.36418969922781,0.167300825944134,0.154041708055644,-0.167300825944134,-0.518231407283452
SR_48000:0.991820903578054,-1.96717161664401,0.975384841850545,1.96717161664401,-0.967205745428599,0.982860712472316,-1.88198428178107,0.899768699388476,1.88198428178107,-0.882629411860792,1.06334533763312,-1.54446554479381,0.720049858448491,1.54446554479381,-0.783395196081611,0.887108091675897,-0.884436963580403,0.704836384494765,0.884436963580403,-0.591944476170662,1.33957980819284,-0.0405948611482667,0.211206810278529,0.0405948611482667,-0.550786618471367
