SR_44100:1.00192060244982,-1.9968808149071,0.994978453536183,1.9968808149071,-0.996899055986007,0.991763556631148,-1.95502779720423,0.963599633798692,1.95502779720423,-0.95536319042984,0.844034518575761,-1.30703983966755,0.592217581626583,1.30703983966755,-0.436252100202344,1.04348306085574,-1.72907892289418,0.869136838035743,1.72907892289418,-0.912619898891482,1.34409487057772,-0.00118188128188681,-1.01228180319921,0.00118188128188681,0.668186932621491
SR_48000:1.00176477574588,-1.99713524959043,0.995385873111357,1.99713524959043,-0.997150648857232,0.992419036321611,-1.95863189370841,0.966496478917617,1.95863189370841,-0.958915515239228,0.853407787661449,-1.35822525513025,0.616724634731684,1.35822525513025,-0.470132422393133,1.04009090407427,-1.76356139143665,0.879345603324234,1.76356139143665,-0.919436507398505,1.33228735593736,-0.05078205215782,-0.943230942859684,0.05078205215782,0.610943586922329
