SR_44100:0.979656122764841,-1.93669858300805,0.957280332841414,1.93669858300805,-0.936936455606254,1.01000687905711,-1.96447394684782,0.964277731513264,1.96447394684782,-0.97428461057037,0.89069055148919,-1.65818849086399,0.817354879416723,1.65818849086399,-0.708045430905913,1.23279618046232,-1.29003319763921,0.29939512837952,1.29003319763921,-0.532191308841837,1.56309059887118,0.817000267174777,-0.307975382722235,-0.817000267174777,-0.255115216148944
SR_48000:0.981261093537249,-1.94171036472026,0.960650576202795,1.94171036472026,-0.941911669740044,1.00920341128289,-1.9680584102883,0.967145927619873,1.9680584102883,-0.976349338902766,0.898371938433646,-1.68593932568418,0.830189706266832,1.68593932568418,-0.728561644700478,1.2177740948984,-1.35305946904105,0.344604402462449,1.35305946904105,-0.56237849736085,1.51296979182066,0.6607087800183,-0.191552231784063,-0.6607087800183,-0.321417560036601
