SR_44100:1.00094657358185,-1.99674502020954,0.995816686466141,1.99674502020954,-0.99676326004799,0.94286785609304,-1.76728893874162,0.828059643127103,1.76728893874162,-0.770927499220143,1.30107253412311,-1.39502081168707,0.21282526781305,1.39502081168707,-0.513897801936158,1.04970717790479,-1.60717173599398,0.780322719705622,1.60717173599398,-0.830029897610415,0.788945771858684,-0.680164497745404,0.364827979057667,0.680164497745404,-0.153773750916351
SR_48000:1.00086977881898,-1.99701045588493,0.996156075370505,1.99701045588493,-0.997025854189484,0.947018848586066,-1.78447064369606,0.840552140026744,1.78447064369606,-0.787570988612809,1.28187796030999,-1.44227790200108,0.263010793851786,1.44227790200108,-0.544888754161776,1.04598062846376,-1.65273248158331,0.796791935633696,1.65273248158331,-0.842772564097454,0.799530211198128,-0.776877728793437,0.396682065966908,0.776877728793437,-0.196212277165036
