SR_44100:1.00229515914588,-1.99537972968515,0.993092671556929,1.99537972968515,-0.995387830702806,0.988252213675225,-1.9100119687659,0.931298433453753,1.9100119687659,-0.919550647128978,1.01677600218151,-1.89922824211332,0.901893207929557,1.89922824211332,-0.918669210111062,0.966177630324397,-1.71152457370776,0.850524481641693,1.71152457370776,-0.816702111966089,1.65764235595879,-0.0987281256882111,-0.979188135534211,0.0987281256882111,0.321545779575419
SR_48000:1.00210907250689,-1.99575493625011,0.993652703107094,1.99575493625011,-0.995761775613985,0.98917143789337,-1.91776647314854,0.936674096753025,1.91776647314854,-0.925845534646395,1.01546373203341,-1.90856224462099,0.909567420961184,1.90856224462099,-0.925031152994589,0.968694195390315,-1.74075721625538,0.861646259072379,1.74075721625538,-0.830340454462693,1.62709872764874,-0.191482680854234,-0.887266460752058,0.191482680854234,0.260167733103314
