SR_44100:1.00216058728043,-1.99649334652387,0.994350996782911,1.99649334652387,-0.996511584063341,0.939196057650058,-1.71777194979369,0.782943838805154,1.71777194979369,-0.722139896455211,1.33781627064725,-0.944200241417266,-0.205926788000791,0.944200241417266,-0.131889482646458,0.890520330992262,-0.652155259722628,0.670518694516835,0.652155259722628,-0.561039025509097,1.42513720524853,0.212187890007378,0.107263591152587,-0.212187890007378,-0.532400796401117
SR_48000:1.00198532081462,-1.99677916723849,0.994809242945029,1.99677916723849,-0.996794563759654,0.94350189031029,-1.73808720349036,0.798314676153141,1.73808720349036,-0.741816566463431,1.32075867449325,-1.0104244014451,-0.145035072804251,1.0104244014451,-0.175723601688997,0.897634629366401,-0.794781975252999,0.691929321139596,0.794781975252999,-0.589563950505997,1.39599546112552,-9.57919645846123E-17,0.168457708427554,9.57919645846123E-17,-0.56445316955307
