SR_44100:0.965213974184472,-1.88392162131353,0.919197256141973,1.88392162131353,-0.884411230326445,1.11665781124179,-1.75330252298003,0.729021323367145,1.75330252298003,-0.845679134608932,1.14765820065984,-1.13610383212737,0.555619621801569,1.13610383212737,-0.703277822461404,0.894501581992957,-0.669628424720898,0.533757366239216,0.669628424720898,-0.428258948232173,1.52025803455283,0.477096256060159,-0.360250214155291,-0.477096256060159,-0.160007820397539
SR_48000:0.967889763439568,-1.89288724596224,0.92541271504332,1.89288724596224,-0.893302478482889,1.10784076156287,-1.77877163867749,0.74950201324438,1.77877163867749,-0.857342774807246,1.13723845328296,-1.23505964284314,0.586978064877375,1.23505964284314,-0.724216518160336,0.900863486725171,-0.796663576192176,0.561873344413265,0.796663576192176,-0.462736831138436,1.48309423995295,0.315762161901019,-0.263082931372689,-0.315762161901019,-0.220011308580257
