SR_44100:1.00074048432775,-1.99640199453132,0.995669615371506,1.99640199453132,-0.99641009969926,0.990528889653269,-1.94822700475774,0.958143112322273,1.94822700475774,-0.948672001975543,0.993680102397747,-1.9455603839588,0.963040963319956,1.9455603839588,-0.956721065717702,0.974600615295377,-1.72034436918883,0.851463291016932,1.72034436918883,-0.826063906312309,1.02764571837744,-1.55655792583235,0.8383266337743,1.55655792583235,-0.865972352151742
SR_48000:1.00068041918601,-1.99669445554129,0.996020878938845,1.99669445554129,-0.996701298124853,0.99128025902099,-1.95236758396973,0.961463734939667,1.95236758396973,-0.952743993960657,0.994183384201938,-1.95072881887559,0.965984177250335,1.95072881887559,-0.960167561452274,0.97649947593258,-1.74905702205787,0.862567910799953,1.74905702205787,-0.839067386732533,1.02553685661732,-1.61241504858174,0.850659349278708,1.61241504858174,-0.876196205896026
