SR_44100:1.00106363048627,-1.99784436287921,0.996798982273655,1.99784436287921,-0.997862612759925,0.994048605074236,-1.97600939565515,0.982089155115658,1.97600939565515,-0.976137760189893,0.926847311085103,-1.67886930995397,0.830077226520146,1.67886930995397,-0.75692453760525,1.10697993477466,-1.61703875879752,0.720293643686578,1.61703875879752,-0.827273578461241,1.11065344988102,-1.01139540326782,0.604992503349351,1.01139540326782,-0.715645953230373
SR_48000:1.00097729535073,-1.99802069888829,0.997058809631769,1.99802069888829,-0.998036104982503,0.994526853058302,-1.97794684724673,0.983528452215868,1.97794684724673,-0.97805530527417,0.932124633926967,-1.707838601281,0.842335659492874,1.707838601281,-0.774460293419841,1.09896576213033,-1.66094918137999,0.741247246190974,1.66094918137999,-0.840213008321299,1.10279960500494,-1.1273304558933,0.633028932461324,1.1273304558933,-0.735828537466263
