SR_44100:1.00074048432775,-1.99640199453132,0.995669615371506,1.99640199453132,-0.99641009969926,0.995976200434756,-1.97220261183205,0.976468644733741,1.97220261183205,-0.972444845168497,1.04245794467057,-1.70943682180385,0.848434852638684,1.70943682180385,-0.890892797309258,0.893036054885607,-1.39397697047164,0.794099690620469,1.39397697047164,-0.687135745506076,1.07282644243858,-0.907692553485313,0.678148800982712,0.907692553485313,-0.750975243421297
SR_48000:1.00068041918601,-1.99669445554129,0.996020878938845,1.99669445554129,-0.996701298124853,0.996298994756603,-1.97445065541699,0.978356359999415,1.97445065541699,-0.974655354756018,1.0391798843873,-1.74507545448227,0.860136777773049,1.74507545448227,-0.899316662160346,0.900470766774194,-1.45706135297897,0.808411143665425,1.45706135297897,-0.70888191043962,1.06756868163086,-1.03976494182108,0.701385094881565,1.03976494182108,-0.768953776512429
