SR_44100:1.00110973082678,-1.99460175631528,0.993510245748687,1.99460175631528,-0.994619976575471,0.998662636180068,-1.97516199431995,0.97674195495881,1.97516199431995,-0.975404591138878,0.92882158101436,-1.36741642486534,0.583745502905012,1.36741642486534,-0.512567083919372,1.0505915622351,-1.41615706505764,0.776414247074409,1.41615706505764,-0.827005809309504,0.939647354301557,-0.494616071939516,0.647055097014367,0.494616071939516,-0.586702451315924
SR_48000:1.00101978801054,-1.99504064015352,0.994036235258916,1.99504064015352,-0.99505602326946,0.998770069261517,-1.97717540716626,0.978610319729875,1.97717540716626,-0.977380388991393,0.933314313904576,-1.41800126754489,0.610019200697825,1.41800126754489,-0.543333514602401,1.04680374511541,-1.48855727167808,0.793154231080321,1.48855727167808,-0.839957976195729,0.94363842786443,-0.656486566404683,0.670395069192139,0.656486566404683,-0.614033497056569
