SR_44100:1.0020525002462,-1.994717445686,0.992673043768664,1.994717445686,-0.99472554401486,0.992928167480272,-1.93059680819644,0.938303691105199,1.93059680819644,-0.93123185858547,0.974939483302392,-1.76179992631046,0.85344500589416,1.76179992631046,-0.828384489196551,1.15158341355935,-1.58034020517228,0.647894364135898,1.58034020517228,-0.799477777695249,1.10640501292364,0.96608336319059,0.377738845929545,-0.96608336319059,-0.484143858853184
SR_48000:1.00188613861946,-1.99514621805134,0.993266916709705,1.99514621805134,-0.995153055329161,0.993484587945763,-1.93610506691596,0.943158032440146,1.93610506691596,-0.936642620385909,0.976815145599372,-1.78457616174715,0.864413960772283,1.78457616174715,-0.841229106371655,1.14037524880788,-1.62720025636346,0.673929257294844,1.62720025636346,-0.814304506102725,1.09867413871045,0.760811737024613,0.42294933533878,-0.760811737024613,-0.521623474049227
