SR_44100:1.0014855801704,-1.9949019429714,0.993434585803336,1.9949019429714,-0.994920165973734,0.992061623169807,-1.94468194337771,0.953576026240915,1.94468194337771,-0.945637649410722,0.973738215982504,-1.74676069427955,0.846419942240842,1.74676069427955,-0.820158158223346,1.03813026174135,-1.6956285780596,0.863883690447254,1.6956285780596,-0.902013952188603,1.10483751203302,-0.00584689656845384,0.536678192426162,0.00584689656845384,-0.641515704459183
SR_48000:1.00136515840656,-1.99531655424857,0.993966781085429,1.99531655424857,-0.995331939491994,0.99269050166689,-1.94913572787232,0.957253735106433,1.94913572787232,-0.949944236773323,0.975695736129672,-1.77108618571583,0.857867605395278,1.77108618571583,-0.83356334152495,1.03517071054437,-1.73420775148673,0.874448611023927,1.73420775148673,-0.909619321568298,1.09760227417365,-0.217490061048037,0.568653803237802,0.217490061048037,-0.666256077411456
