SR_44100:0.986196023537032,-1.86467626591763,0.8795709042232,1.86467626591763,-0.865766927760232,1.01246740668785,-1.84813089623538,0.89123144927642,1.84813089623538,-0.90369885596427,1.07235892311019,-1.24812972025402,0.576841863323142,1.24812972025402,-0.649200786433334,0.853032758939233,-0.439761493778983,0.557699078862414,0.439761493778983,-0.410731837801647,1.21844628898795,0.788609787067021,-0.277483420688089,-0.788609787067021,0.0590371317001391
SR_48000:0.98724826512013,-1.8750734768879,0.888750904111721,1.8750734768879,-0.87599916923185,1.01149911178616,-1.86405297133589,0.899679078824942,1.86405297133589,-0.911178190611103,1.06740517615817,-1.32745211161032,0.605811591446318,1.32745211161032,-0.673216767604484,0.861797195424124,-0.588089540640769,0.584075829916184,0.588089540640769,-0.445873025340309,1.18958201001928,0.764310412354607,-0.108683859004423,-0.764310412354607,-0.0808981510148586
