SR_44100:0.991110466968298,-1.9643168617795,0.973246768327243,1.9643168617795,-0.964357235295541,0.980859190237485,-1.72549205184335,0.833011131370777,1.72549205184335,-0.813870321608261,0.793794640672574,-0.786460664081928,0.566993832347743,0.786460664081928,-0.360788473020317,1.05981068273462,-0.223809775191323,0.478197716516913,0.223809775191323,-0.538008399251534,1.1526495042504,0.410434641269001,0.325376548307745,-0.410434641269001,-0.478026052558143
SR_48000:0.991820903578054,-1.96717161664401,0.975384841850545,1.96717161664401,-0.967205745428599,0.982281569600513,-1.75243662125456,0.84542029919286,1.75243662125456,-0.827701868793373,0.805622684162975,-0.89358657114968,0.591831284678313,0.89358657114968,-0.397453968841288,1.05590922605684,-0.4058655731687,0.51223493044421,0.4058655731687,-0.568144156501051,1.1425454149487,0.197430819096211,0.370030840730051,-0.197430819096211,-0.512576255678753
