SR_44100:0.991110466968298,-1.9643168617795,0.973246768327243,1.9643168617795,-0.964357235295541,0.980859190237485,-1.72549205184335,0.833011131370777,1.72549205184335,-0.813870321608261,1.02632153030269,-1.53973111974583,0.770364858103105,1.53973111974583,-0.796686388405799,0.717615320160063,-0.692110984029273,0.456423443610825,0.692110984029273,-0.174038763770888,1.28274436303657,0.397603469998884,0.149075050229549,-0.397603469998884,-0.431819413266118
SR_48000:0.991820903578054,-1.96717161664401,0.975384841850545,1.96717161664401,-0.967205745428599,0.982281569600513,-1.75243662125456,0.84542029919286,1.75243662125456,-0.827701868793373,1.02438095180269,-1.59213175479603,0.787294915515609,1.59213175479603,-0.811675867318303,0.731834838488663,-0.789488629910335,0.483795313823311,0.789488629910335,-0.215630152311973,1.26387854163595,0.191838347637357,0.205852126013805,-0.191838347637357,-0.469730667649757
