SR_44100:0.98896659453621,-1.94934043634648,0.960613267128413,1.94934043634648,-0.949579861664623,0.973055815288077,-1.80370478568699,0.842429233232076,1.80370478568699,-0.815485048520154,0.972664907271221,-1.59204717598642,0.840143186108723,1.59204717598642,-0.812808093379944,1.77911637150836,0.282734059435179,-1.34476667252015,-0.282734059435179,0.565650301011788
SR_48000:0.989842273759512,-1.95337900058978,0.963739241585037,1.95337900058978,-0.953581515344549,0.975059268592726,-1.81918420888646,0.854145515493813,1.81918420888646,-0.829204784086539,0.97469507162362,-1.63832707597713,0.852015675742113,1.63832707597713,-0.826710747365734,1.7071222430375,0.289511687117772,-1.12809886880196,-0.289511687117772,0.420976625764456
