SR_44100:0.961918717097132,-1.90159057418141,0.93994981879041,1.90159057418141,-0.901868535887542,1.07698923119142,-1.60036541459964,0.659751656944183,1.60036541459964,-0.736740888135604,0.699731897692184,-0.560222673616677,0.464055033763677,0.560222673616677,-0.163786931455861,1.14308550412348,0.209187111619464,0.367643955655636,-0.209187111619464,-0.510729459779118
SR_48000:0.964872887679788,-1.90924555508042,0.944608235348093,1.90924555508042,-0.909481123027881,1.07147931494461,-1.63897666418235,0.684102333582232,1.63897666418235,-0.755581648526841,0.714740939641606,-0.669787380466879,0.490844494312425,0.669787380466879,-0.205585433954031,1.13365456116515,-9.44770262498639E-17,0.409323326463342,9.44770262498639E-17,-0.54297788762849
