SR_44100:1.00190086575191,-1.99510711005771,0.993214344216651,1.99510711005771,-0.995115209968565,0.991204440094047,-1.95209333532616,0.961128658671653,1.95209333532616,-0.9523330987657,1.0969964880597,-1.09496974223752,0.571331031186824,1.09496974223752,-0.668327519246523,0.962448151704679,-0.682985884025691,0.672388956393463,0.682985884025691,-0.634837108098142,2.02553889128914,0.224050587349279,-1.68134157255188,-0.224050587349279,0.655802681262735
SR_48000:1.00174676693507,-1.99550437016218,0.993764441732295,1.99550437016218,-0.995511208667369,0.991903417553907,-1.95591837857023,0.964217739038746,1.95591837857023,-0.956121156592654,1.0902802945172,-1.19592479005207,0.601012763152634,1.19592479005207,-0.691293057669834,0.964995911675198,-0.829806058805025,0.694616205934852,0.829806058805025,-0.65961211761005,1.93473726671867,0.245401375971517,-1.44393451477563,-0.245401375971517,0.509197248056966
