SR_44100:1.00099122573098,-1.99660246926931,0.995619349520173,1.99660246926931,-0.996610575251153,0.983152722996441,-1.90792254521277,0.925544676875511,1.90792254521277,-0.908697399871952,1.07698923119142,-1.60036541459964,0.659751656944183,1.60036541459964,-0.736740888135604,1.09131624835157,-1.28549787494541,0.674021888123074,1.28549787494541,-0.765338136474647,0.796884096314697,-0.701608939801097,0.660613705160954,0.701608939801097,-0.457497801475652
SR_48000:1.00091081402544,-1.99687869405176,0.995974723241261,1.99687869405176,-0.996885537266701,0.984464055622136,-1.91514757405649,0.931340016641643,1.91514757405649,-0.915804072263779,1.07147931494461,-1.63897666418235,0.684102333582232,1.63897666418235,-0.755581648526841,1.08467949520406,-1.37037835607385,0.697713578255709,1.37037835607385,-0.782393073459767,0.809247136159135,-0.828087566149519,0.681271104259807,0.828087566149519,-0.490518240418942
