SR_44100:1.0014855801704,-1.9949019429714,0.993434585803336,1.9949019429714,-0.994920165973734,0.965524941231954,-1.84137983431904,0.876931928688241,1.84137983431904,-0.842456869920195,1.15333188036239,-1.58426604059466,0.599103311726755,1.58426604059466,-0.752435192089147,0.901567790370536,-0.870967985704013,0.703766249713305,0.870967985704013,-0.605334040083841,1.28241634388233,0.52408449047575,-0.00816172591217157,-0.52408449047575,-0.274254617970158
SR_48000:1.00136515840656,-1.99531655424857,0.993966781085429,1.99531655424857,-0.995331939491994,0.968122527640493,-1.85341224687668,0.886204717793992,1.85341224687668,-0.854327245434484,1.14225698019861,-1.62655112532875,0.628059395667845,1.62655112532875,-0.770316375866451,0.908120116299267,-0.993258632762956,0.723485608755182,0.993258632762956,-0.631605725054449,1.263322765756,0.342500611537027,0.0599979790576541,-0.342500611537027,-0.323320744813657
