SR_44100:0.991309078202177,-1.96499201323197,0.973844492902181,1.96499201323197,-0.965153571104359,1.19534631479025,-1.59776107635935,0.623967995865829,1.59776107635935,-0.819314310656075,1.19107487181464,-0.531224326053819,0.31790642885966,0.531224326053819,-0.508981300674302,1.28081450495098,0.143975182017819,-0.241039409499346,-0.143975182017819,-0.0397750954516349
SR_48000:0.9920039040431,-1.96780292466792,0.975935585497049,1.96780292466792,-0.967939489540149,1.18075496556961,-1.64379785653953,0.652055622173753,1.64379785653953,-0.83281058774336,1.17875527084937,-0.681407584105462,0.361884585367759,0.681407584105462,-0.540639856217124,1.26454987859127,-6.70711272803203E-17,-0.169159068785813,6.70711272803203E-17,-0.0953908098054606
