SR_44100:0.981452442100626,-1.94230767222196,0.961052384906429,1.94230767222196,-0.942504827007055,1.23713374222541,-1.55192090028056,0.379997612294823,1.55192090028056,-0.617131354520231,0.951761085974838,-1.40577354549733,0.71789672791126,1.40577354549733,-0.669657813886098,0.712660938146107,-0.484424124124998,0.446886503024284,0.484424124124998,-0.159547441170391,1.20722455616132,0.358613197800343,0.0841860506561078,-0.358613197800343,-0.291410606817427
SR_48000:0.982919565171578,-1.94688592130595,0.964133164865295,1.94688592130595,-0.947052730036873,1.22117602569987,-1.58691584947011,0.42172015357177,1.58691584947011,-0.64289617927164,0.955087559614747,-1.4656939995525,0.737350090767768,1.4656939995525,-0.692437650382515,0.72703734915852,-0.600798866529871,0.474560383901223,0.600798866529871,-0.201597733059743,1.19407487232261,0.1744319401731,0.142300128022366,-0.1744319401731,-0.336375000344981
