SR_44100:0.94688913335581,-1.83461769112872,0.888473641513003,1.83461769112872,-0.835362774868814,1.00765315254002,-1.96882427604725,0.966177445460919,1.96882427604725,-0.973830598000935,1.19715754942202,-1.65411531680436,0.620481458690689,1.65411531680436,-0.817639008112708,0.818107650203673,-0.550276222181361,0.196139905867443,0.550276222181361,-0.0142475560711159,1.14308550412348,0.209187111619464,0.367643955655636,-0.209187111619464,-0.510729459779118
SR_48000:0.950876376798176,-1.84708957601566,0.896846367654102,1.84708957601566,-0.847722744452278,1.00703880063516,-1.97170070928625,0.968892529303735,1.97170070928625,-0.9759313299389,1.18244447752195,-1.69185242850937,0.648803395142337,1.69185242850937,-0.831247872664287,0.826448865209881,-0.644953615732398,0.233003302747953,0.644953615732398,-0.0594521679578343,1.13365456116515,-9.44770262498639E-17,0.409323326463342,9.44770262498639E-17,-0.54297788762849
