SR_44100:0.956801196911509,-1.86560411748056,0.909287769078735,1.86560411748056,-0.866088965990244,1.16335315899576,-1.51649775685291,0.416866600415358,1.51649775685291,-0.580219759411115,0.837339401298922,-0.981716712915195,0.65843253200933,0.981716712915195,-0.495771933308252,0.882083609382972,-0.476071307227261,0.645128208091173,0.476071307227261,-0.527211817474146,1.19477177236838,0.184714696471549,0.139220228636721,-0.184714696471549,-0.333992001005103
SR_48000:0.960094294394203,-1.87588566457355,0.916202873154292,1.87588566457355,-0.876297167548495,1.1525948326643,-1.55307948431191,0.455271363727395,1.55307948431191,-0.607866196391692,0.847482491751646,-1.07990357350344,0.679731787952092,1.07990357350344,-0.527214279703738,0.889607621851442,-0.63344330963032,0.66777187766975,0.63344330963032,-0.557379499521193,1.1826581418812,-8.42170168877408E-17,0.192755543093944,8.42170168877408E-17,-0.375413684975148
