SR_44100:0.972306181862438,-1.91395825583706,0.941846351139869,1.91395825583706,-0.914152533002307,1.02424106596341,-1.94159069777379,0.927046015645479,1.94159069777379,-0.951287081608891,0.940950693008505,-1.52884674532159,0.739035855384812,1.52884674532159,-0.679986548393317,1.10153607071146,-1.39209361596125,0.694425116235245,1.39209361596125,-0.795961186946706,0.95479681616204,-1.07269886349686,0.735649810382013,1.07269886349686,-0.690446626544053
SR_48000:0.974467331661181,-1.92068727041638,0.946384502791835,1.92068727041638,-0.920851834453015,1.0223154164016,-1.94695468981377,0.932841297429583,1.94695468981377,-0.955156713831179,0.945043293724232,-1.57259642274806,0.757122808465987,1.57259642274806,-0.702166102190219,1.09404390787235,-1.46514340193301,0.716972933702149,1.46514340193301,-0.811016841574497,0.957950452247589,-1.17849253917263,0.754092411686151,1.17849253917263,-0.712042863933741
