SR_44100:0.970494599879636,-1.90834314205193,0.938042249372974,1.90834314205193,-0.90853684925261,1.0369669239748,-1.85571937249218,0.868036540082006,1.85571937249218,-0.905003464056809,1.06151860740625,-1.28790329610918,0.640236502119594,1.28790329610918,-0.70175510952584,1.21668987552459,-0.210007016140429,0.22646672677137,0.210007016140429,-0.443156602295956
SR_48000:0.972790897295458,-1.91549097305512,0.942864194578751,1.91549097305512,-0.915655091874209,1.03409371097978,-1.87059672052407,0.878293253033361,1.87059672052407,-0.912386964013145,1.05719188490822,-1.36673459066769,0.665539363902019,1.36673459066769,-0.72273124881024,1.20298885800581,-0.382629038911015,0.275376224283446,0.382629038911015,-0.478365082289256
