SR_44100:0.983194342493403,-1.93223292191073,0.949423029636806,1.93223292191073,-0.932617372130209,1.08324951672875,-1.47104712534961,0.513153197090294,1.47104712534961,-0.596402713819043,1.08670540058954,-1.34499078686914,0.690481559591754,1.34499078686914,-0.777186960181294,0.704327827000034,-0.559350173747353,0.556929231921775,0.559350173747353,-0.261257058921809,1.41055523788336,0.388652732080885,-0.465588257098988,-0.388652732080885,0.0550330192156272
SR_48000:0.984517472091153,-1.93759707982331,0.953405015252411,1.93759707982331,-0.937922487343564,1.07771756626862,-1.51540814777224,0.545504284534376,1.51540814777224,-0.623221850802996,1.08036766031329,-1.42285819393742,0.7131058421933,1.42285819393742,-0.793473502506589,0.720114699908368,-0.679614344043592,0.580586182232921,0.679614344043592,-0.300700882141288,1.38223863316249,0.263408987493818,-0.364504457574754,-0.263408987493818,-0.0177341755877337
