SR_44100:1.00716609730942,-1.97546396718811,0.968329950851898,1.97546396718811,-0.975496048161318,0.968440814371259,-1.9045937858178,0.939250126967789,1.9045937858178,-0.907690941339048,1.05374002185811,-1.84306042967759,0.83826830388708,1.84306042967759,-0.892008325745185,0.895090746162521,-1.46526145980513,0.725707580620147,1.46526145980513,-0.620798326782668,1.18234563116439,-0.0049028770010312,0.194136661621015,0.0049028770010312,-0.376482292785405
SR_48000:1.00659040783613,-1.97743747011365,0.970874168872666,1.97743747011365,-0.977464576708794,0.970896020474732,-1.91224803194912,0.943976277408062,1.91224803194912,-0.914872297882794,1.04958863394648,-1.85882340415569,0.850761990807081,1.85882340415569,-0.900350624753566,0.902123999471094,-1.51253292711514,0.744096502431643,1.51253292711514,-0.646220501902737,1.17105696606224,-0.184705404442372,0.244026101181314,0.184705404442372,-0.415083067243554
