SR_44100:1.0014855801704,-1.9949019429714,0.993434585803336,1.9949019429714,-0.994920165973734,0.98435714823677,-1.93694737411365,0.952922517330004,1.93694737411365,-0.937279665566774,1.08914847163522,-1.58461454242208,0.792921411687684,1.58461454242208,-0.882069883322905,1.07752932027807,-0.933455728925772,0.76667392320453,0.933455728925772,-0.844203243482603,1.29637470210729,0.0949736440545012,0.108054265714002,-0.0949736440545012,-0.404428967821294
SR_48000:1.00136515840656,-1.99531655424857,0.993966781085429,1.99531655424857,-0.995331939491994,0.985591458686598,-1.94194745306324,0.95663719990136,1.94194745306324,-0.942228658587958,1.08229204389531,-1.63777520715684,0.808847869552883,1.63777520715684,-0.891139913448198,1.07167143167052,-1.07116692321372,0.78430335890968,1.07116692321372,-0.855974790580196,1.27738868702944,-0.0943493608727727,0.165193066830879,0.0943493608727727,-0.442581753860316
