SR_44100:1.00116129888494,-1.99435175440506,0.993208673496599,1.99435175440506,-0.994369972381538,0.998403103238438,-1.98442105092478,0.986068301872313,1.98442105092478,-0.984471405110752
SR_48000:1.00106718735288,-1.99481084784748,0.993759041838685,1.99481084784748,-0.994826229191562,0.998531925424892,-1.98568157105699,0.987192176537861,1.98568157105699,-0.985724101962752
