SR_44100:0.975702322160507,-1.88776702359914,0.913262849842262,1.88776702359914,-0.888965172002769,0.978519021101999,-1.67868989924684,0.812594952474255,1.67868989924684,-0.791113973576254,1.17845305621802,-1.45743004854258,0.585480196308314,1.45743004854258,-0.763933252526332,0.869263763146583,-0.710424232588727,0.606546618355454,0.710424232588727,-0.475810381502037,1.24931666365972,0.188220865709296,0.109996558702802,-0.188220865709296,-0.35931322236252
SR_48000:0.977575591933454,-1.89650962726581,0.919949994295135,1.89650962726581,-0.89752558622859,0.980097144163058,-1.71059140991185,0.826362864479734,1.71059140991185,-0.806460008642792,1.16547911125309,-1.51863385358224,0.615616733243828,1.51863385358224,-0.781095844496916,0.877348749731769,-0.837926192927561,0.630878551024274,0.837926192927561,-0.508227300756043,1.23353497288155,-8.57143964426551E-17,0.166333583656869,8.57143964426551E-17,-0.399868556538414
