SR_44100:0.976969521697462,-1.91647462365989,0.939785239318692,1.91647462365989,-0.916754761016154,1.07122034368915,-1.68563804221088,0.685246838329287,1.68563804221088,-0.756467182018432,0.814429088823786,-0.625004288490708,0.337554308937387,0.625004288490708,-0.151983397761173,1.30935594372662,0.220269896260696,0.281412334525948,-0.220269896260696,-0.59076827825257,0.705679355813987,0.385029671446606,0.230478545846094,-0.385029671446606,0.0638420983399193
SR_48000:0.978769026921264,-1.92302192800985,0.944490168802682,1.92302192800985,-0.923259195723946,1.06607361520508,-1.71361621340566,0.707992432898325,1.71361621340566,-0.774066048103403,0.82377374609929,-0.727278965558971,0.370912597191609,0.727278965558971,-0.194686343290899,1.28796035422891,-9.9136259153425E-17,0.331111094224545,9.9136259153425E-17,-0.619071448453455,0.720565161856375,0.256221450644833,0.269398503852002,-0.256221450644833,0.0100363342916234
