SR_44100:0.971866170905842,-1.88609364719001,0.915330665298885,1.88609364719001,-0.887196836204726,1.04090738016471,-1.7606910286595,0.76077185752929,1.7606910286595,-0.801679237694005,1.03705064294029,-1.37347246742747,0.676761588284516,1.37347246742747,-0.713812231224802,0.800240009297075,-0.845427447309374,0.580528322315921,0.845427447309374,-0.380768331612996,0.952742620166656,1.002740464487,0.587715645750481,-1.002740464487,-0.540458265917138
SR_48000:0.974033299579234,-1.89495047770675,0.921852683413579,1.89495047770675,-0.895885982992813,1.03788438299286,-1.78143449473988,0.778450476771224,1.78143449473988,-0.816334859764084,1.03443050397232,-1.44181054054992,0.699620289005184,1.44181054054992,-0.734050792977501,0.811842655663686,-0.947980832419464,0.604892468108334,0.947980832419464,-0.41673512377202,0.955994194423087,0.786038664481144,0.616083134539203,-0.786038664481144,-0.572077328962289
