SR_44100:0.969747061014006,-1.88995598466683,0.920901621884811,1.88995598466683,-0.890648682898817,1.14316057775762,-1.43009584189116,0.367312173155303,1.43009584189116,-0.510472750912926,0.856491391279609,-0.696822510350296,0.48770710412183,0.696822510350296,-0.34419849540144,0.897533873453037,-0.393811265794802,0.634219374250655,0.393811265794802,-0.531753247703692,1.24931666365972,0.188220865709296,0.109996558702802,-0.188220865709296,-0.35931322236252
SR_48000:0.972081291881927,-1.89849859744296,0.927004628137672,1.89849859744296,-0.899085920019599,1.13409670510315,-1.47213078171266,0.407369303284121,1.47213078171266,-0.541466008387274,0.864694204217645,-0.812133169108137,0.516989269365037,0.812133169108137,-0.381683473582682,0.904099384233855,-0.559683341879471,0.657656745435666,0.559683341879471,-0.561756129669521,1.23353497288155,-8.57143964426551E-17,0.166333583656869,8.57143964426551E-17,-0.399868556538414
