SR_44100:0.977591332193599,-1.91850374108486,0.941411005389296,1.91850374108486,-0.919002337582895,1.16197734240789,-1.54983639116686,0.576499159906274,1.54983639116686,-0.738476502314162,0.935457910042813,-0.573338232560063,0.436919821332578,0.573338232560063,-0.372377731375391
SR_48000:0.979344157927224,-1.9249157876308,0.945993888153594,1.9249157876308,-0.925338046080818,1.15035726208551,-1.59582361887846,0.606880654659366,1.59582361887846,-0.757237916744873,0.939245072217213,-0.704602487845912,0.46995990347461,0.704602487845912,-0.409204975691823
