SR_44100:1.0008143783431,-1.99604375457807,0.995237479948495,1.99604375457807,-0.996051858291599,0.992700398776868,-1.95999265410475,0.967739939953892,1.95999265410475,-0.96044033873076,1.0700157565079,-1.66938376154967,0.789286147211655,1.66938376154967,-0.859301903719552,0.910024965044705,-0.704626346361605,0.678809713054946,0.704626346361605,-0.588834678099651,1.31691703153577,0.376872702078419,-0.400591916525451,-0.376872702078419,0.0836748849896788
SR_48000:1.00074833010118,-1.99636522159236,0.995623732946465,1.99636522159236,-0.99637206304765,0.993282708073769,-1.96321762003857,0.97031341380667,1.96321762003857,-0.963596121880439,1.06469045496803,-1.70833293480099,0.805312751231841,1.70833293480099,-0.870003206199867,0.915966235327252,-0.84434980330139,0.700018688498161,0.84434980330139,-0.615984923825413,1.29567691141691,0.255960174106278,-0.306722740734111,-0.255960174106278,0.0110458293171968
