SR_44100:1.00082475017751,-1.99597675822339,0.99517682500872,1.99597675822339,-0.996001575186235,0.992172248390903,-1.92310010720183,0.931708877454415,1.92310010720183,-0.923881125845318,1.14371893067709,-1.61349314804746,0.666162383577981,1.61349314804746,-0.809881314255075,0.779068310003354,-0.565571049279133,0.574717412737512,0.565571049279133,-0.353785722740866,1.22292922689839,0.214904397285236,0.329089927156758,-0.214904397285236,-0.552019154055151
SR_48000:1.00075786229559,-1.99630489910649,0.99556798825806,1.99630489910649,-0.996325850553647,0.992785994449893,-1.92918802385918,0.937063340577342,1.92918802385918,-0.929849335027235,1.13303950040121,-1.65646096444618,0.690969105498668,1.65646096444618,-0.824008605899881,0.791691211128488,-0.695353542424418,0.599015873720349,0.695353542424418,-0.390707084848837,1.20786124025295,-9.68846448419828E-17,0.374437341484369,9.68846448419828E-17,-0.582298581737319
