SR_44100:1.00074048432775,-1.99640199453132,0.995669615371506,1.99640199453132,-0.99641009969926,0.99558534353635,-1.97591263260821,0.98048974481661,1.97591263260821,-0.976075088352959,0.979102037630761,-1.72432848108446,0.817681324040452,1.72432848108446,-0.796783361671212,1.02659968952726,-1.66801873513655,0.844443856089477,1.66801873513655,-0.87104354561674,1.04936780279392,-1.05809013850092,0.711294937180147,1.05809013850092,-0.760662739974066
SR_48000:1.00068041918601,-1.99669445554129,0.996020878938845,1.99669445554129,-0.996701298124853,0.995940091008038,-1.97786035378285,0.982057525629295,1.97786035378285,-0.977997616637334,0.980641682698105,-1.75002116543926,0.831113545094649,1.75002116543926,-0.811755227792754,1.02456572964193,-1.70813037505983,0.85633854216492,1.70813037505983,-0.88090427180685,1.0457894503897,-1.17232394617377,0.732221298030454,1.17232394617377,-0.778010748420151
