SR_44100:0.990142251359562,-1.96042540968543,0.970332903628464,1.96042540968543,-0.960475154988025,1.43443914604235,-0.625904780418586,-0.550848344174984,0.625904780418586,0.116409198132637,1.13940818787854,0.256358508705744,-0.216229399922123,-0.256358508705744,0.0768212120435831
SR_48000:0.990928634787983,-1.96358611779775,0.972699540657556,1.96358611779775,-0.963628175445538,1.41576244303256,-0.700403179542664,-0.484176787982969,0.700403179542664,0.0684143449504065,1.13134236450885,0.128631092935922,-0.14586128405976,-0.128631092935922,0.0145189195509129
