SR_44100:0.966318097318923,-1.88770447610225,0.921761969320013,1.88770447610225,-0.888080066638936,1.0225056009378,-1.90355843124639,0.900538123188663,1.90355843124639,-0.92304372412646,0.978524744861587,-1.77821727285004,0.874411771783943,1.77821727285004,-0.85293651664553,1.07709985207248,-1.57909733525015,0.798417163546406,1.57909733525015,-0.875517015618886,0.836899289038449,-0.791054529480525,0.621141401987768,0.791054529480525,-0.458040691026218
SR_48000:0.968913583125568,-1.89638599205541,0.927790895301202,1.89638599205541,-0.896704478426771,1.02074144490557,-1.91257261448187,0.908334683273351,1.91257261448187,-0.929076128178919,0.980151742757852,-1.80056134241027,0.883926526406701,1.80056134241027,-0.864078269164552,1.07118914929925,-1.63251006373657,0.813871100206914,1.63251006373657,-0.885060249506159,0.846854956269371,-0.907737490569906,0.644266930424443,0.907737490569906,-0.491121886693814
