SR_44100:0.9789021172477,-1.92956386108583,0.950992768618603,1.92956386108583,-0.929894885866303,1.00679201979998,-1.94042511572994,0.940744842241377,1.94042511572994,-0.947536862041355,1.06612760560431,-1.73352562298242,0.707753826230936,1.73352562298242,-0.773881431835245,0.60304193229541,-0.573231843202705,0.453516524338877,0.573231843202705,-0.0565584566342871,1.18234563116439,-0.0049028770010312,0.194136661621015,0.0049028770010312,-0.376482292785405
SR_48000:0.980561013912272,-1.93512693390976,0.954846137870532,1.93512693390976,-0.935407151782804,1.00625345021294,-1.94568046838844,0.945443448367915,1.94568046838844,-0.951696898580858,1.06130772941869,-1.75596133380972,0.729054920689388,1.75596133380972,-0.790362650108076,0.62107152991388,-0.669277797752593,0.478337476406403,0.669277797752593,-0.0994090063202834,1.17105696606224,-0.184705404442372,0.244026101181314,0.184705404442372,-0.415083067243554
