SR_44100:1.00094657358185,-1.99674502020954,0.995816686466141,1.99674502020954,-0.99676326004799,0.994068655498443,-1.97597545604493,0.982149497277843,1.97597545604493,-0.976218152776286,1.19542974880397,-1.3207005146352,0.489035555421267,1.3207005146352,-0.684465304225233,0.673273393332919,-0.143654716597567,0.313913875544348,0.143654716597567,0.0128127311227328,1.09866407646531,0.343752603868217,0.139231688329381,-0.343752603868217,-0.237895764794688
SR_48000:1.00086977881898,-1.99701045588493,0.996156075370505,1.99701045588493,-0.997025854189484,0.994545310303275,-1.97792425051503,0.983583999672529,1.97792425051503,-0.978129309975805,1.18176681208284,-1.39361927078047,0.524758237949137,1.39361927078047,-0.706525050031976,0.687965209715281,-0.267290221502931,0.344764902541546,0.267290221502931,-0.0327301122568278,1.09264684959868,0.167644476614406,0.191727372640004,-0.167644476614406,-0.284374222238688
