SR_44100:0.949741224454832,-1.81759804672495,0.868594993910555,1.81759804672495,-0.818336218365388,0.981110517834743,-1.83355378599248,0.889533484852058,1.83355378599248,-0.870644002686801,1.32564991741411,-1.4801874285184,0.373139998966232,1.4801874285184,-0.698789916380346,0.921334614903454,-0.670066082828138,0.313704915281073,0.670066082828138,-0.235039530184527,1.21355466707368,0.396759482119816,-0.248877002493912,-0.396759482119816,0.0353223354202327
SR_48000:0.953482091379618,-1.83123010579064,0.878375746340339,1.83123010579064,-0.831857837719957,0.982554077969783,-1.84903992401871,0.897975487450606,1.84903992401871,-0.880529565420389,1.30268324429856,-1.53256058406046,0.417349709956725,1.53256058406046,-0.720032954255289,0.925566149468332,-0.776894003050059,0.350621805335437,0.776894003050059,-0.276187954803769,1.19967265251721,0.267095632039928,-0.16769437621174,-0.267095632039928,-0.031978276305473
