SR_44100:0.954629225363067,-1.86692127053625,0.91266350054177,1.86692127053625,-0.867292725904837,1.03337873688428,-1.81137782627927,0.804799691627951,1.81137782627927,-0.838178428512231,0.965562756683758,-1.26729199395624,0.79860949987057,1.26729199395624,-0.764172256554327,0.826728427331068,-0.566450084904588,0.381460133106848,0.566450084904588,-0.208188560437917,1.21919858213363,-0.00626503569276963,0.539709645209649,0.00626503569276963,-0.758908227343282
SR_48000:0.95808990260193,-1.87709978846841,0.919325133238492,1.87709978846841,-0.877415035840422,1.03086725680147,-1.82757326282821,0.819486936634688,1.82757326282821,-0.850354193436157,0.968058587177917,-1.35448362939221,0.813205225400666,1.35448362939221,-0.781263812578583,0.83581762720165,-0.680648540974052,0.413906496878572,0.680648540974052,-0.249724124080222,1.20316014084493,-0.231886119029837,0.573388420679828,0.231886119029837,-0.77654856152476
