SR_44100:0.975838414784966,-1.9122295227361,0.936827882934417,1.9122295227361,-0.912666297719382,0.849247894515621,-0.955020100763902,0.605848309587876,0.955020100763902,-0.455096204103498,1.07283959602368,-0.772122783024422,0.574030867171195,0.772122783024422,-0.646870463194874,0.793338688929597,-0.275338556766052,0.459669867697964,0.275338556766052,-0.253008556627562,1.10451873444239,0.490531034339117,0.088154292757645,-0.490531034339117,-0.19267302720003
SR_48000:0.977722608336072,-1.91910684674726,0.941754235842364,1.91910684674726,-0.919476844178436,0.858433367640955,-1.05238541373762,0.62986435731041,1.05238541373762,-0.488297724951364,1.06784686226357,-0.910132922764387,0.603228591847562,0.910132922764387,-0.671075454111135,0.804523576039961,-0.420568267400488,0.488913520033389,0.420568267400488,-0.29343709607335,1.09787609428429,0.321966316735677,0.146106227836333,-0.321966316735677,-0.243982322120626
