SR_44100:0.998491953011259,-1.98518981513986,0.986843447920226,1.98518981513986,-0.985335400931485,1.00613062040241,-1.94947552458831,0.946515044154579,1.94947552458831,-0.95264566455699,1.23527863168454,-1.29839149222469,0.384847925683375,1.29839149222469,-0.620126557367918,0.94380814292736,-0.607260990142308,0.509769191838933,0.607260990142308,-0.453577334766293,1.22008569649619,0.513053050196759,0.0273471704513328,-0.513053050196759,-0.247432866947519
SR_48000:0.998613656379958,-1.98639591006319,0.987905216366787,1.98639591006319,-0.986518872746745,1.00564333145415,-1.95372840617662,0.950766266081711,1.95372840617662,-0.956409597535861,1.21935181033128,-1.3684671937091,0.426489689419355,1.3684671937091,-0.645841499750632,0.947261614337211,-0.743579846304675,0.539898078272138,0.743579846304675,-0.48715969260935,1.20549860336962,0.335769150783034,0.0918137742802995,-0.335769150783034,-0.297312377649923
