SR_44100:1.00099122573098,-1.99660246926931,0.995619349520173,1.99660246926931,-0.996610575251153,0.988377347656876,-1.91918947814313,0.93203022243339,1.91918947814313,-0.920407570090266,1.10778089725332,-1.57822369375844,0.67563118289423,1.57822369375844,-0.783412080147551,0.73244294126428,-0.486602155958823,0.552939000960566,0.486602155958823,-0.285381942224847
SR_48000:1.00091081402544,-1.99687869405176,0.995974723241261,1.99687869405176,-0.996885537266701,0.989287129636212,-1.92560625073983,0.937350667108498,1.92560625073983,-0.92663779674471,1.09987899698345,-1.62401367862756,0.699412113548391,1.62401367862756,-0.799291110531846,0.747019597676199,-0.616620167261042,0.577295131234086,0.616620167261042,-0.324314728910285
