SR_44100:1.00081796211679,-1.99717820575665,0.996385075540893,1.99717820575665,-0.997203037657688,0.976958652377394,-1.87341646532466,0.898170429434836,1.87341646532466,-0.875129081812231,1.01634115229927,-1.83114870873495,0.857435993126263,1.83114870873495,-0.873777145425528,1.07204823286105,-1.65391004568569,0.783169368011739,1.65391004568569,-0.855217600872788,0.883709902840493,-0.882560240383359,0.584870962327621,0.882560240383359,-0.468580865168114
SR_48000:1.00075158807594,-1.99740903585819,0.996678410817454,1.99740903585819,-0.99742999889339,0.978723146043963,-1.88323859877167,0.905968481670088,1.88323859877167,-0.884691627714051,1.01509013521242,-1.84725051478949,0.868350156662712,1.84725051478949,-0.883440291875132,1.06657902182116,-1.69478414008646,0.799629070618786,1.69478414008646,-0.866208092439947,0.890870296077185,-0.989877338487939,0.610431927760704,0.989877338487939,-0.501302223837889
