SR_44100:1.01324178494634,-1.9718202738964,0.960148577077451,1.9718202738964,-0.973390362023793,1.05972159689833,-1.7425925923584,0.820266631330333,1.7425925923584,-0.879988228228662,0.950539162264255,-1.47015225032923,0.710750864784693,1.47015225032923,-0.661290027048948,1.24962509794829,-1.05646735665215,0.475817663687498,1.05646735665215,-0.72544276163579,1.19141481234283,0.553374821896674,0.154056070854153,-0.553374821896674,-0.345470883196987
SR_48000:1.01217902091787,-1.97419923254172,0.963346987181319,1.97419923254172,-0.975526008099186,1.05513425350575,-1.77243725328812,0.834072335196492,1.77243725328812,-0.889206588702244,0.953934091791529,-1.5204397986165,0.730604560654691,1.5204397986165,-0.68453865244622,1.23176577754774,-1.16769034714551,0.513320063764495,1.16769034714551,-0.745085841312232,1.17867059661523,0.359512286041481,0.210378211207525,-0.359512286041481,-0.38904880782276
