SR_44100:0.984396798893528,-1.94336247134464,0.959204363533127,1.94336247134464,-0.943601162426655,0.955791761173764,-1.64100608337747,0.804624883541913,1.64100608337747,-0.760416644715678,1.16382873819685,-1.18352402148711,0.50695405799096,1.18352402148711,-0.67078279618781,0.851718217692652,-0.741026164470576,0.612307138490878,0.741026164470576,-0.464025356183529,1.16916509904552,0.196838944582187,0.252387070731984,-0.196838944582187,-0.421552169777504
SR_48000:0.985631668236286,-1.9478627392629,0.962433013888109,1.9478627392629,-0.948064682124395,0.958988224128953,-1.67577114943988,0.818751420556399,1.67577114943988,-0.777739644685352,1.15245503231491,-1.27334483703877,0.541183458720133,1.27334483703877,-0.693638491035044,0.860813080561466,-0.863928265629574,0.636086279500494,0.863928265629574,-0.496899360061961,1.15835458352934,-8.93055172091336E-17,0.300163362754108,8.93055172091336E-17,-0.458517946283445
