SR_44100:1.0008359148859,-1.99831209899861,0.99748429703545,1.99831209899861,-0.998320211921355,0.9967892417143,-1.9824707432462,0.985810285805479,1.9824707432462,-0.982599527519779,1.03108658927904,-1.69367047416831,0.818204270744552,1.69367047416831,-0.849290860023589,1.04452791087346,-0.98922537198185,0.739598836115467,0.98922537198185,-0.784126746988925,1.49145316827159,1.01116607696903,-0.284937921166962,-1.01116607696903,-0.206515247104626
SR_48000:1.00076804920539,-1.99844974079705,0.997688540190505,1.99844974079705,-0.998456589395898,0.997048030173852,-1.98389322878387,0.986953982699214,1.98389322878387,-0.984002012873066,1.02873448414654,-1.72823033267322,0.83195948409426,1.72823033267322,-0.8606939682408,1.04126245397836,-1.11434299807838,0.758695370388443,1.11434299807838,-0.7999578243668,1.42676801505258,0.926984357927653,-0.115814163963578,-0.926984357927653,-0.310953851089002
