SR_44100:0.990784108402332,-1.94985722043555,0.95927103313849,1.94985722043555,-0.950055141540823,1.18518225804916,-1.6128369723738,0.611139787362483,1.6128369723738,-0.796322045411644,0.702414848647333,-0.704280447970395,0.427163286986658,0.704280447970395,-0.129578135633991,1.16969667039259,-0.20659865019281,0.250037829581517,0.20659865019281,-0.419734499974111,1.16084293278613,0.501863401890036,0.05938351747205,-0.501863401890036,-0.22022645025818
SR_48000:0.991515702716961,-1.95385255842413,0.962504261337932,1.95385255842413,-0.954019964054892,1.17150661547716,-1.65476297837934,0.63985697298558,1.65476297837934,-0.811363588462743,0.716899504955901,-0.795517166649133,0.455045534710421,0.795517166649133,-0.171945039666322,1.15913026924673,-0.376805730163224,0.29673527578674,0.376805730163224,-0.455865545033471,1.15039980917928,0.328921521239286,0.120455359569982,-0.328921521239286,-0.270855168749258
