SR_44100:0.999290738365781,-1.99762498161692,0.998352491127845,1.99762498161692,-0.997643229493627,0.998314240944554,-1.99316808423229,0.994926673606592,1.99316808423229,-0.993240914551146,0.995445674484501,-1.97211121302326,0.979872487536179,1.97211121302326,-0.97531816202068,1.03300690749366,-1.74513602013549,0.882172892799388,1.74513602013549,-0.915179800293045,1.05394852745721,0.598644016464478,0.0617831417261155,-0.598644016464478,-0.115731669183329
SR_48000:0.999348303480746,-1.99781910523547,0.998486206294513,1.99781910523547,-0.997834509775259,0.998450783546541,-1.99372689177995,0.995337601362993,1.99372689177995,-0.993788384909534,0.995811517133807,-1.97459099776496,0.98148930268447,1.97459099776496,-0.977300819818277,1.0304290156247,-1.77743504144581,0.891375376905269,1.77743504144581,-0.921804392529973,1.05033206236476,0.449656483149806,0.12467695323543,-0.449656483149806,-0.17500901560019
