SR_44100:0.990944223210294,-1.95082584683754,0.959978648960399,1.95082584683754,-0.950922872170692,0.984948444155304,-1.88552250905003,0.911977845280677,1.88552250905003,-0.896926289435982,1.05169267013936,-1.53616539281231,0.549021143300854,1.53616539281231,-0.600713813440212,1.32350530436074,-0.413805162028804,0.377268273131109,0.413805162028804,-0.700773577491849,0.861442984021885,0.432326706495527,0.189712530470954,-0.432326706495527,-0.0511555144928386
SR_48000:0.991663396833156,-1.95473831868561,0.96315698481025,1.95473831868561,-0.954820381643405,0.98611345928224,-1.89523641840868,0.918790904529274,1.89523641840868,-0.904904363811514,1.04825537944649,-1.57181656029608,0.57900886540215,1.57181656029608,-0.627264244848639,1.30045618555797,-0.596045717408607,0.42163668799595,0.596045717408607,-0.722092873553922,0.869263009277987,0.285919311368755,0.235444379065477,-0.285919311368755,-0.104707388343464
