SR_44100:1.00099122573098,-1.99660246926931,0.995619349520173,1.99660246926931,-0.996610575251153,0.966318097318923,-1.88770447610225,0.921761969320013,1.88770447610225,-0.888080066638936,1.01236459074643,-1.91627859629147,0.927691334307701,1.91627859629147,-0.940055925054127,1.19477177236838,0.184714696471549,0.139220228636721,-0.184714696471549,-0.333992001005103
SR_48000:1.00091081402544,-1.99687869405176,0.995974723241261,1.99687869405176,-0.996885537266701,0.968913583125568,-1.89638599205541,0.927790895301202,1.89638599205541,-0.896704478426771,1.01138757168331,-1.92466665018446,0.933404984379832,1.92466665018446,-0.944792556063138,1.1826581418812,-8.42170168877408E-17,0.192755543093944,8.42170168877408E-17,-0.375413684975148
