SR_44100:0.954629225363067,-1.86692127053625,0.91266350054177,1.86692127053625,-0.867292725904837,1.2279720359119,-1.65838118755976,0.561165094706062,1.65838118755976,-0.789137130617958,0.850170537351884,-0.918370426302058,0.549085164391086,0.918370426302058,-0.39925570174297,0.853032758939233,-0.439761493778983,0.557699078862414,0.439761493778983,-0.410731837801647,1.24665462705118,-0.00570528844040643,0.355104607741163,0.00570528844040643,-0.601759234792342
SR_48000:0.95808990260193,-1.87709978846841,0.919325133238492,1.87709978846841,-0.877415035840422,1.21119055732035,-1.69311559680044,0.593468611841205,1.69311559680044,-0.804659169161555,0.859001052955575,-1.01445911214006,0.57566078190586,1.01445911214006,-0.434661834861435,0.861797195424124,-0.588089540640769,0.584075829916184,0.588089540640769,-0.445873025340309,1.22976107689152,-0.212631739061128,0.399273950060434,0.212631739061128,-0.629035026951957
