SR_44100:0.987040812270484,-1.95308676386551,0.966117317343298,1.95308676386551,-0.953158129613781,0.968759213889212,-1.74149489539802,0.861933603629215,1.74149489539802,-0.830692817518427,0.866341273328874,-1.13979809084671,0.742713555082256,1.13979809084671,-0.60905482841113,0.855643148573141,-0.635145634215794,0.664680588928073,0.635145634215794,-0.520323737501214,1.18234563116439,-0.0049028770010312,0.194136661621015,0.0049028770010312,-0.376482292785405
SR_48000:0.988071058716735,-1.95682167100646,0.968810967140269,1.95682167100646,-0.956882025857005,0.971100004644449,-1.76746774584463,0.872278559197476,1.76746774584463,-0.843378563841925,0.875239745201473,-1.22932005109458,0.759842673773735,1.22932005109458,-0.635082418975208,0.864794706313338,-0.775366498698787,0.685938291084236,0.775366498698787,-0.550732997397574,1.17105696606224,-0.184705404442372,0.244026101181314,0.184705404442372,-0.415083067243554
