SR_44100:1.00186645179307,-1.99518542037644,0.993337194175213,1.99518542037644,-0.995203645968284,0.991764889862683,-1.94332154512962,0.951840716925414,1.94332154512962,-0.943605606788097,1.03573213153814,-1.67405681621787,0.842084427113251,1.67405681621787,-0.877816558651388,0.922496339487587,-0.964310650657435,0.546755214721422,0.964310650657435,-0.469251554209009,1.36204896254243,-0.155649827736064,-0.292431953207258,0.155649827736064,-0.0696170093351761
SR_48000:1.0017151366564,-1.99557710399357,0.993877354589618,1.99557710399357,-0.995592491246015,0.992416641812401,-1.94782850413404,0.955652190739066,1.94782850413404,-0.948068832551467,1.0329907226684,-1.71383926850125,0.854199885484938,1.71383926850125,-0.887190608153334,0.92727858209457,-1.06207478135947,0.574721977958427,1.06207478135947,-0.502000560052997,1.34226029276087,-0.28999881051641,-0.221790930077227,0.28999881051641,-0.12046936268364
