SR_44100:0.987249118058329,-1.96267242708481,0.975455182268716,1.96267242708481,-0.962704300327045,1.01634115229927,-1.83114870873495,0.857435993126263,1.83114870873495,-0.873777145425528,1.03573213153814,-1.67405681621787,0.842084427113251,1.67405681621787,-0.877816558651388,0.890150003121474,-0.265120848962633,0.0416431214110676,0.265120848962633,0.0682068754674582,1.30067301154396,0.658526834286052,-0.0733338520226185,-0.658526834286052,-0.227339159521337
SR_48000:0.988267356193507,-1.96565565147179,0.977415240368955,1.96565565147179,-0.965682596562462,1.01509013521242,-1.84725051478949,0.868350156662712,1.84725051478949,-0.883440291875132,1.0329907226684,-1.71383926850125,0.854199885484938,1.71383926850125,-0.887190608153334,0.895133823050726,-0.375128092965323,0.0851231236556603,0.375128092965323,0.019743053293614,1.27864874410142,0.491341221904497,0.00528774321361731,-0.491341221904497,-0.283936487315041
