SR_44100:1.00147831608192,-1.99280069667416,0.991354743109007,1.99280069667416,-0.992833059190924,1.03784437356766,-1.62447691329647,0.66983689799683,1.62447691329647,-0.707681271564486,0.954552225406183,-1.17915000165107,0.603503062028234,1.17915000165107,-0.558055287434417,1.07534447168074,-0.403466322443875,0.342677334995878,0.403466322443875,-0.418021806676619,0.847705785880542,0.270446529834381,0.541667444372114,-0.270446529834381,-0.389373230252656
SR_48000:1.00135859828827,-1.99338613105494,0.992054857985114,1.99338613105494,-0.993413456273379,1.03517859736667,-1.65710163247723,0.693093748534752,1.65710163247723,-0.728272345901421,0.957502822994814,-1.25885149555195,0.629244760483981,1.25885149555195,-0.586747583478795,1.07073331607082,-0.556283731568545,0.382906127190568,0.556283731568545,-0.453639443261386,0.856826521525902,0.0746280907968038,0.569116485044566,-0.0746280907968038,-0.425943006570468
