SR_44100:0.963789224954631,-1.89376038958046,0.93029604717047,1.89376038958046,-0.894085272125101,1.12440557871913,-1.63130014957252,0.625598863631297,1.63130014957252,-0.750004442350424,0.723639106510931,-0.57363924258307,0.468018934707881,0.57363924258307,-0.191658041218812,0.751223092363679,-0.381610686482912,0.42212838994225,0.381610686482912,-0.17335148230593,1.57004503198235,0.444035142773556,-0.490421724094323,-0.444035142773556,-0.0796233078880288
SR_48000:0.966587727979125,-1.90199533498018,0.935683027221801,1.90199533498018,-0.902270755200925,1.11543648978266,-1.66661655983806,0.652591520428367,1.66661655983806,-0.768028010211024,0.737767050231733,-0.685007862907615,0.495214528324952,0.685007862907615,-0.232981578556686,0.763906787150231,-0.50887986692419,0.451590719052395,0.50887986692419,-0.215497506202626,1.52889295855231,0.296623745278038,-0.382826813533721,-0.296623745278038,-0.14606614501859
