SR_44100:1.00487371288482,-1.98326222266629,0.978460978140362,1.98326222266629,-0.983334691025179,0.958442011679179,-1.70321190649577,0.816337474110695,1.70321190649577,-0.774779485789875,1.10409138774599,-1.63315589520519,0.727845947453931,1.63315589520519,-0.831937335199922
SR_48000:1.00448075446841,-1.98461717177436,0.980197629461652,1.98461717177436,-0.984678383930058,0.961469007941147,-1.73015095600276,0.829715065322248,1.73015095600276,-0.791184073263394,1.09627621265531,-1.67512045873072,0.748279257243938,1.67512045873072,-0.844555469899249
