SR_44100:0.962631675646594,-1.88354316816549,0.921531065086617,1.88354316816549,-0.884162740733211,1.07085703034732,-1.56833551549095,0.585624997672122,1.56833551549095,-0.656482028019445,0.851082907237463,-0.975402946914584,0.713341954254634,0.975402946914584,-0.564424861492097,0.876977655094291,-0.366595851051638,0.629761734114593,0.366595851051638,-0.506739389208885,1.11807583929699,0.708189457088102,-0.0301210377872556,-0.708189457088102,-0.0879548015097366
SR_48000:0.965505753079289,-1.89254657152344,0.927566278035136,1.89254657152344,-0.893072031114425,1.06599628471301,-1.60447852131263,0.614050850035141,1.60447852131263,-0.680047134748148,0.860749269248237,-1.08112492430131,0.73194922352153,1.08112492430131,-0.592698492769767,0.884742667689005,-0.532284203665825,0.653130698507596,0.532284203665825,-0.537873366196601,1.10885634164633,0.579584171008806,0.0503120003712809,-0.579584171008806,-0.159168342017612
