SR_44100:1.00248977333615,-1.99668816232029,0.994216628303207,1.99668816232029,-0.996706401639356,0.974478460177226,-1.90705168470455,0.93327218859899,1.90705168470455,-0.907750648776216,1.08500051718002,-1.66063478669981,0.777760334260267,1.66063478669981,-0.862760851440286,0.713200026871961,-0.402455329246773,0.250141854700118,0.402455329246773,0.0366581184279211,1.64712111543903,0.576396230281168,-0.245676173709063,-0.576396230281168,-0.40144494172997
SR_48000:1.00228778524538,-1.99695820382173,0.994685816478015,1.99695820382173,-0.99697360172339,0.976464018020306,-1.91433536153795,0.938463565381068,1.91433536153795,-0.914927583401374,1.0785238565829,-1.70115001531858,0.794694006359755,1.70115001531858,-0.873217862942656,0.725752227023081,-0.504356333760226,0.28296044049737,0.504356333760226,-0.00871266752045085,1.59932616892467,0.374162504619094,-0.153673263162329,-0.374162504619094,-0.445652905762343
