SR_44100:1.00144122918889,-1.99766492660701,0.99623180771342,1.99766492660701,-0.997673036902309,0.993375538452598,-1.95424656834006,0.96125986009193,1.95424656834006,-0.954635398544528,1.09131624835157,-1.28549787494541,0.674021888123074,1.28549787494541,-0.765338136474647,0.929620214173882,-0.929474847527905,0.588415944436555,0.929474847527905,-0.518036158610437,1.04826639581571,-0.167780727000757,0.578912756039175,0.167780727000757,-0.627179151854887
SR_48000:1.00132425447239,-1.99785505402165,0.996537646110142,1.99785505402165,-0.997861900582531,0.993902553441427,-1.95791560027121,0.964341866720663,1.95791560027121,-0.958244420162089,1.08467949520406,-1.37037835607385,0.697713578255709,1.37037835607385,-0.782393073459767,0.934088667934544,-1.03623996301326,0.614547656821342,1.03623996301326,-0.548636324755886,1.04497745968608,-0.364720974516736,0.607606198484681,0.364720974516736,-0.65258365817076
