SR_44100:0.989946614252163,-1.9538600001119,0.964111713268893,1.9538600001119,-0.954058327521056,1.00338512943428,-1.93741375830464,0.941129338419835,1.93741375830464,-0.944514467854116,0.97156271923381,-1.64690037466047,0.751906559808284,1.64690037466047,-0.723469279042094,1.11655527576453,-1.41511997441929,0.64922451110868,1.41511997441929,-0.765779786873214
SR_48000:0.99074619678822,-1.95754451479579,0.966966039964291,1.95754451479579,-0.95771223675251,1.0031170909831,-1.94290004368901,0.945790785273289,1.94290004368901,-0.948907876256389,0.973580269246106,-1.67764456185049,0.769508134565894,1.67764456185049,-0.743088403812,1.10808098169889,-1.48235155319655,0.674728072611045,1.48235155319655,-0.782809054309933
