SR_44100:1.00124529634949,-1.9967917665768,0.995554576977678,1.9967917665768,-0.996799873327169,0.990425563956695,-1.9478273155489,0.957686471873857,1.9478273155489,-0.948112035830553,0.957863315744971,-1.56305343157039,0.632389782938343,1.56305343157039,-0.590253098683314,1.0539423299396,-1.56719509863127,0.807438225054395,1.56719509863127,-0.861380554993993,1.14305124112664,-0.631186378763562,0.367795378493894,0.631186378763562,-0.510846619620538
SR_48000:1.00114426474398,-1.99705265762444,0.995915236691566,1.99705265762444,-0.997059501435547,0.991184927130714,-1.9519865082278,0.961042422540452,1.9519865082278,-0.952227349671165,0.960641266765375,-1.59390683702924,0.656625272646474,1.59390683702924,-0.617266539411849,1.04983574826182,-1.62114199139145,0.822097781987094,1.62114199139145,-0.871933530248915,1.13386483550847,-0.771129434854268,0.40839403420007,0.771129434854268,-0.542258869708536
