SR_44100:1.00074048432775,-1.99640199453132,0.995669615371506,1.99640199453132,-0.99641009969926,0.993472759962554,-1.95465821053771,0.961828415720314,1.95465821053771,-0.955301175682868,1.0611794983883,-1.45028678430846,0.729621628460625,1.45028678430846,-0.790801126848925,1.28047833023157,-0.151474533847068,-0.239553709623078,0.151474533847068,-0.0409246206084973
SR_48000:1.00068041918601,-1.99669445554129,0.996020878938845,1.99669445554129,-0.996701298124853,0.993992204307193,-1.95831463331293,0.964866148891798,1.95831463331293,-0.958858353198991,1.05667962057143,-1.51479682801285,0.74950851325542,1.51479682801285,-0.80618813382685,1.26553742849973,-0.282634008881772,-0.173523474233663,0.282634008881772,-0.0920139542660682
