SR_44100:0.973625002456302,-1.91179890413839,0.938734818916043,1.91179890413839,-0.912359821372345,1.06487175365723,-1.72002024611907,0.713303973147668,1.72002024611907,-0.778175726804894,0.656242584215384,-0.515555169132302,0.338283959273713,0.515555169132302,0.00547345651090318,0.835983135653859,-0.464193619157192,0.275139321910736,0.464193619157192,-0.111122457564595,1.30935594372662,0.220269896260696,0.281412334525948,-0.220269896260696,-0.59076827825257
SR_48000:0.975681501348153,-1.91871809353141,0.943511758773553,1.91871809353141,-0.919193260121706,1.06013259208851,-1.74480205886844,0.734248355190129,1.74480205886844,-0.794380947278641,0.671337044246331,-0.610519077323811,0.367340049033352,0.610519077323811,-0.0386770932796825,0.844105300686009,-0.577569971974083,0.311034643262157,0.577569971974083,-0.155139943948167,1.28796035422891,-9.9136259153425E-17,0.331111094224545,9.9136259153425E-17,-0.619071448453455
