SR_44100:0.969055652720869,-1.89655270255556,0.928120901757817,1.89655270255556,-0.897176554478686,0.976255008523128,-1.67209238257928,0.861138254732462,1.67209238257928,-0.83739326325559,0.785806919260659,-0.937178202726646,0.642104853764114,0.937178202726646,-0.427911773024773,0.862864972433195,-0.605830948571392,0.587289326687797,0.605830948571392,-0.450154299120993,1.19477177236838,0.184714696471549,0.139220228636721,-0.184714696471549,-0.333992001005103
SR_48000:0.97145079793321,-1.90460645640569,0.933684466452498,1.90460645640569,-0.905135264385708,0.978040248892486,-1.70882482951091,0.871578418236101,1.70882482951091,-0.849618667128587,0.798593656381888,-1.03383527338551,0.663470208499599,1.03383527338551,-0.462063864881487,0.871223910440986,-0.741834816106553,0.612445721772121,0.741834816106553,-0.483669632213106,1.1826581418812,-8.42170168877408E-17,0.192755543093944,8.42170168877408E-17,-0.375413684975148
