SR_44100:1.00047007454714,-1.99635079881503,0.995898960505218,1.99635079881503,-0.996369035052358,0.972888180245339,-1.89052681375591,0.918406423331817,1.89052681375591,-0.891294603577156,1.03586443246221,-1.86150351027118,0.871972182512821,1.86150351027118,-0.907836614975032,0.833492145454859,-0.352557337228333,0.405605059153002,0.352557337228333,-0.239097204607861,1.47189572858308,0.258276468025214,-0.233803657478973,-0.258276468025214,-0.238092071104109
SR_48000:1.00043194469117,-1.99664816340214,0.99623161422201,1.99664816340214,-0.996663558913177,0.974980730782324,-1.89903375328979,0.924703997018002,1.89903375328979,-0.899684727800326,1.03307316127811,-1.87572775592638,0.881936381948903,1.87572775592638,-0.915009543227012,0.842466068456502,-0.489875349963552,0.437639910879959,0.489875349963552,-0.280105979336462,1.44132652011099,0.0842031376628669,-0.153878371161269,-0.0842031376628669,-0.287448148949721
