SR_44100:1.0012984517467,-1.99663845092922,0.995364824372523,1.99663845092922,-0.996663276119221,0.953784535508913,-1.85605740877184,0.902953147140183,1.85605740877184,-0.856737682649096,1.13550873715266,-1.65604341122741,0.715448137966678,1.65604341122741,-0.850956875119336,0.837675143051685,-0.607810330930692,0.282617026320032,0.607810330930692,-0.120292169371717,1.22226785973427,0.473733420979366,0.483704949992795,-0.473733420979366,-0.705972809727064
SR_48000:1.00119311422662,-1.99691301161342,0.995740855216165,1.99691301161342,-0.996933969442782,0.95729136024462,-1.86703082503363,0.910317052445018,1.86703082503363,-0.867608412689639,1.1252377751835,-1.6962595133273,0.737015908537109,1.6962595133273,-0.862253683720609,0.845704817311811,-0.708481669973083,0.31810359138902,0.708481669973083,-0.16380840870083,1.20619411149111,0.225449535350098,0.521041867093301,-0.225449535350098,-0.72723597858441
