SR_44100:0.957669590215901,-1.87586383056363,0.91851605266254,1.87586383056363,-0.876185642878441,1.17045776856286,-1.54503458940272,0.487003855374564,1.54503458940272,-0.657461623937424,0.916171956241537,-1.07926463247123,0.629528019061378,1.07926463247123,-0.545699975302915,0.823542861480789,-0.937137260239765,0.538640742634005,0.937137260239765,-0.362183604114794,0.881002306430908,-0.385563503345573,0.47409829351746,0.385563503345573,-0.355100599948368
SR_48000:0.960912528770443,-1.8853980610837,0.924758549150164,1.8853980610837,-0.885671077920607,1.158734390166,-1.5845991926281,0.522285602696947,1.5845991926281,-0.681019992862951,0.921570435364461,-1.17042087940994,0.653386207384227,1.17042087940994,-0.574956642748688,0.833685635170991,-1.02720363016865,0.565159718157532,1.02720363016865,-0.398845353328523,0.887903427773152,-0.532886958277583,0.504597300529073,0.532886958277583,-0.392500728302226
