SR_44100:1.00080492069527,-1.99607947562172,0.995292788685297,1.99607947562172,-0.996097709380569,0.932283503426217,-1.50711132461858,0.758267601938096,1.50711132461858,-0.690551105364313,1.20942647770907,-1.24266835875728,0.596864377931781,1.24266835875728,-0.806290855640846,0.890097279163097,-0.720994995419526,0.607672434257056,0.720994995419526,-0.497769713420153,1.10537374224185,0.206198155723908,0.383769761832639,-0.206198155723908,-0.489143504074487
SR_48000:1.00073963811301,-1.99639880859689,0.995674564072218,1.99639880859689,-0.996414202185228,0.937002611786061,-1.55484677673258,0.775113738969066,1.55484677673258,-0.712116350755128,1.19386730387655,-1.33696801207191,0.626815018798466,1.33696801207191,-0.820682322675015,0.896988668821691,-0.849612327513065,0.632273118469004,0.849612327513065,-0.529261787290696,1.09852121241376,-9.32148844728247E-17,0.423843654988272,9.32148844728247E-17,-0.522364867402036
