SR_44100:1.00110973082678,-1.99460175631528,0.993510245748687,1.99460175631528,-0.994619976575471,0.982725151227052,-1.87998246363377,0.898975931316682,1.87998246363377,-0.881701082543734,1.01531561268542,-1.84438924864219,0.866383038835174,1.84438924864219,-0.881698651520592,0.955484994575772,-1.54265448412876,0.739674307745146,1.54265448412876,-0.695159302320917,1.18225197252536,0.726727926468082,-0.0658174802030512,-0.726727926468082,-0.116434492322306
SR_48000:1.00101978801054,-1.99504064015352,0.994036235258916,1.99504064015352,-0.99505602326946,0.984052329915417,-1.88933192975278,0.906737330141681,1.88933192975278,-0.890789660057098,1.01413861495757,-1.8591286010025,0.876651440297329,1.8591286010025,-0.8907900552549,0.958596166066534,-1.58580664185373,0.757868574247816,1.58580664185373,-0.71646474031435,1.16767880103555,0.593542931495158,0.0194070619547668,-0.593542931495158,-0.187085862990317
