SR_44100:1.00074048432775,-1.99640199453132,0.995669615371506,1.99640199453132,-0.99641009969926,0.995101332442654,-1.97325172943623,0.978350692768654,1.97325172943623,-0.973452025211308,1.00536674053099,-1.95536633074324,0.953179309516402,1.95536633074324,-0.958546050047389,1.06193188872392,-1.17366401286897,0.726296493749368,1.17366401286897,-0.788228382473293,0.79433275411434,-0.288340339479255,0.462268919112119,0.288340339479255,-0.256601673226459
SR_48000:1.00068041918601,-1.99669445554129,0.996020878938845,1.99669445554129,-0.996701298124853,0.995494493581834,-1.97541348062487,0.980088240008568,1.97541348062487,-0.975582733590402,1.00493898829321,-1.95916146026151,0.956911119357563,1.95916146026151,-0.961850107650776,1.05738075119349,-1.27547261342218,0.746409917143607,1.27547261342218,-0.803790668337096,0.80548537389348,-0.432918648903062,0.49142820630315,0.432918648903062,-0.296913580196629
