SR_44100:1.0153291303937,-1.98308950111005,0.967810691114579,1.98308950111005,-0.983139821508284,0.937589119935053,-1.56240328561689,0.635018452714846,1.56240328561689,-0.572607572649899,0.943617230816381,-1.65745041266526,0.798726415367982,1.65745041266526,-0.742343646184362,1.19150869480002,-1.52189978628809,0.555153897298504,1.52189978628809,-0.746662592098527,0.841994776983928,-0.874885209844346,0.586884537727516,0.874885209844346,-0.428879314711444
SR_48000:1.01409328033077,-1.98445660155565,0.970405825893269,1.98445660155565,-0.984499106224042,0.941656567465507,-1.59169413437813,0.658805063184387,1.59169413437813,-0.600461630649894,0.947655217103185,-1.68828626027156,0.813141102450718,1.68828626027156,-0.760796319553903,1.17770528814178,-1.57255740697779,0.587217149895646,1.57255740697779,-0.764922438037428,0.851472776351416,-0.979030545378136,0.611665415317366,0.979030545378136,-0.463138191668783
