SR_44100:1.00116781757914,-1.99595608530451,0.994838914609945,1.99595608530451,-0.996006732189084,0.905021828696021,-1.66586896604368,0.817171713002199,1.66586896604368,-0.72219354169822,1.10409138774599,-1.63315589520519,0.727845947453931,1.63315589520519,-0.831937335199922,0.916853395416662,-1.14658079685941,0.749768591073522,1.14658079685941,-0.666621986490184,1.18225197252536,0.726727926468082,-0.0658174802030512,-0.726727926468082,-0.116434492322306
SR_48000:1.00107310643105,-1.9962878320359,0.995257483683942,1.9962878320359,-0.996330590114989,0.9117480886352,-1.69373958145798,0.830119431048341,1.69373958145798,-0.741867519683541,1.09627621265531,-1.67512045873072,0.748279257243938,1.67512045873072,-0.844555469899249,0.922574613356765,-1.24068291346124,0.766986713606626,1.24068291346124,-0.689561326963391,1.16767880103555,0.593542931495158,0.0194070619547668,-0.593542931495158,-0.187085862990317
