SR_44100:1.0024717836058,-1.99149738085557,0.989076130995837,1.99149738085557,-0.991547914601638,0.990776059978775,-1.90855952241899,0.919528205569197,1.90855952241899,-0.910304265547972,0.934959793279968,-1.72586387535141,0.863423478676745,1.72586387535141,-0.798383271956712,1.13679375887797,-1.53792039824865,0.588316381794332,1.53792039824865,-0.725110140672307,0.959200145080799,-1.21881336132384,0.76140066985238,1.21881336132384,-0.720600814933179
SR_48000:1.00227173075978,-1.9921893105566,0.98996025009052,1.9921893105566,-0.992231980850303,0.991494604439247,-1.91581339641106,0.925796954279557,1.91581339641106,-0.917291558718804,0.939752954935389,-1.75145678444416,0.873488535017284,1.75145678444416,-0.813241489952673,1.12705039871425,-1.58442797104176,0.617639223703084,1.58442797104176,-0.744689622417335,0.962091398895568,-1.30850218671195,0.778308848199009,1.30850218671195,-0.740400247094576
