SR_44100:1.00074048432775,-1.99640199453132,0.995669615371506,1.99640199453132,-0.99641009969926,0.978893534789781,-1.90277551918959,0.924654748724084,1.90277551918959,-0.903548283513865,1.17283365777273,-1.33394923778396,0.548114580872026,1.33394923778396,-0.720948238644759,0.844334669612447,-0.637439215353703,0.593002347040695,0.637439215353703,-0.437337016653142,1.23965659355455,0.163462630590081,-0.0591449946628634,-0.163462630590081,-0.180511598891685
SR_48000:1.00068041918601,-1.99669445554129,0.996020878938845,1.99669445554129,-0.996701298124853,0.980532299768732,-1.91038219981709,0.930504764721146,1.91038219981709,-0.911037064489878,1.16053139490667,-1.40834575050717,0.580279688543148,1.40834575050717,-0.740811083449817,0.853736389616948,-0.768762680529859,0.617583787018922,0.768762680529859,-0.471320176635871,1.22533874649013,-7.52808657642955E-17,0.00413169565351308,7.52808657642955E-17,-0.229470442143641
