SR_44100:1.00314201348086,-1.99365368320824,0.990544046096406,1.99365368320824,-0.993686059577262,0.956752219359518,-1.5604570443708,0.747085093522376,1.5604570443708,-0.703837312881894,1.04907651291045,-1.36582754304297,0.712998413116818,1.36582754304297,-0.762074926027267,0.948078419923605,-0.775050024750342,0.547024079860063,0.775050024750342,-0.495102499783668,1.18019117400913,0.384282598669684,0.203658129310962,-0.384282598669684,-0.383849303320088
SR_48000:1.00288746512453,-1.9941702437442,0.991310114586676,1.9941702437442,-0.994197579711202,0.959788723547855,-1.60185414359004,0.764842702385511,1.60185414359004,-0.724631425933367,1.04551861863143,-1.43950315434074,0.733805133959095,1.43950315434074,-0.779323752590529,0.951339743063043,-0.897440141265871,0.575476620167721,0.897440141265871,-0.526816363230765,1.16854487972269,0.18582661107858,0.255128085204521,-0.18582661107858,-0.423672964927208
