SR_44100:0.989686662897909,-1.94398133100098,0.954420952046687,1.94398133100098,-0.944107614944597,1.04044240785971,-1.71552157901966,0.821267701332914,1.71552157901966,-0.861710109192626,1.22898887403954,-0.660272886544682,-0.0119997792477021,0.660272886544682,-0.216989094791833,1.0447019766635,0.521220667711332,0.22258956674726,-0.521220667711332,-0.267291543410759
SR_48000:0.990503076728818,-1.94842527144509,0.95802903396822,1.94842527144509,-0.948532110697038,1.03736364028187,-1.74788450073233,0.834874092133322,1.74788450073233,-0.872237732415195,1.21644150201948,-0.766974827147919,0.0434524245665495,0.766974827147919,-0.259893926586028,1.0418878093888,0.339937710545829,0.27153064639438,-0.339937710545829,-0.313418455783176
