SR_44100:1.00094657358185,-1.99674502020954,0.995816686466141,1.99674502020954,-0.99676326004799,0.988252443631881,-1.91877296060024,0.931299778250303,1.91877296060024,-0.919552221882184,1.04380630743898,-1.64725401635435,0.743818804457039,1.64725401635435,-0.787625111896014,1.04113936449452,-1.31114205402673,0.759415203055735,1.31114205402673,-0.800554567550256,0.862864972433195,-0.605830948571392,0.587289326687797,0.605830948571392,-0.450154299120993
SR_48000:1.00086977881898,-1.99701045588493,0.996156075370505,1.99701045588493,-0.997025854189484,0.989171617229486,-1.92518682316144,0.936675145518451,1.92518682316144,-0.925846762747937,1.04059093302694,-1.68344472309957,0.76262245418584,1.68344472309957,-0.803213387212775,1.03809919820453,-1.39567352359165,0.777194228048968,1.39567352359165,-0.815293426253499,0.871223910440986,-0.741834816106553,0.612445721772121,0.741834816106553,-0.483669632213106
