SR_44100:0.98267475316591,-1.94233418871134,0.959756038541571,1.94233418871134,-0.942430791707481,1.03207633060121,-1.6785529836437,0.81241622034687,1.6785529836437,-0.844492550948083,0.928113906997118,-1.32683591942198,0.783657331234718,1.32683591942198,-0.711771238231836,1.10356430101398,-1.05633954962878,0.688321115611663,1.05633954962878,-0.791885416625638,0.890520330992262,-0.652155259722628,0.670518694516835,0.652155259722628,-0.561039025509097
SR_48000:0.984045137925453,-1.94690264163915,0.96293923771757,1.94690264163915,-0.946984375643023,1.02965498605599,-1.71493413788004,0.82657634880052,1.71493413788004,-0.856231334856513,0.933180515140371,-1.40128693474035,0.798905392181017,1.40128693474035,-0.732085907321388,1.09593316448327,-1.17369572384058,0.711287177248919,1.17369572384058,-0.807220341732186,0.897634629366401,-0.794781975252999,0.691929321139596,0.794781975252999,-0.589563950505997
