SR_44100:1.00047168987035,-1.99770511648781,0.997241537075927,1.99770511648781,-0.997713226946274,0.970337893705129,-1.88014518776997,0.91073128377175,1.88014518776997,-0.881069177476879,0.973177232613234,-1.46429885626014,0.765991949400559,1.46429885626014,-0.739169182013792,1.13897976693128,-1.21889588428369,0.58173754579924,1.21889588428369,-0.720717312730518,0.862864972433195,-0.605830948571392,0.587289326687797,0.605830948571392,-0.450154299120993
SR_48000:1.00043340532542,-1.99789198540154,0.997465426763564,1.99789198540154,-0.997898832088988,0.972615900780437,-1.88941915524777,0.917586992707255,1.88941915524777,-0.890202893487692,0.97509639107855,-1.52232675582093,0.782735133457014,1.52232675582093,-0.757831524535564,1.12909108490854,-1.30864396462707,0.611497736818172,1.30864396462707,-0.740588821726711,0.871223910440986,-0.741834816106553,0.612445721772121,0.741834816106553,-0.483669632213106
