SR_44100:0.960881697248471,-1.89539581064289,0.934637241149747,1.89539581064289,-0.895518938398218,1.10095839331376,-1.76655329471217,0.73603737567675,1.76655329471217,-0.836995768990514,0.870842656463959,-1.04988030349925,0.728785291851293,1.04988030349925,-0.599627948315252,0.938552648813944,-0.449327632257597,0.640653211601526,0.449327632257597,-0.579205860415471,1.2501225586389,0.74514259069406,-0.105398570952998,-0.74514259069406,-0.144723987685903
SR_48000:0.963906947535099,-1.90349470282133,0.939692130831504,1.90349470282133,-0.903599078366603,1.09336141161555,-1.78934386072781,0.755900203918907,1.78934386072781,-0.84926161553446,0.879399228592573,-1.14986330508174,0.746753052329178,1.14986330508174,-0.626152280921752,0.942600894086278,-0.614944883527608,0.664327526428501,0.614944883527608,-0.606928420514779,1.22965702003355,0.607352208926895,-0.0149526021797615,-0.607352208926895,-0.214704417853791
