SR_44100:1.00146717693771,-1.9961790384436,0.994762514047839,1.9961790384436,-0.996229690985553,1.00331316000488,-1.97195403768131,0.971095222842329,1.97195403768131,-0.974408382847212,1.07718458663468,-1.57988728026794,0.658888297681496,1.57988728026794,-0.736072884316178,1.42904942542905,-1.21327844188765,0.174101054888406,1.21327844188765,-0.60315048031746,1.08183061697454,-0.571476475290158,0.286090697449491,0.571476475290158,-0.367921314424028
SR_48000:1.00134817523943,-1.99649273565261,0.995187322881052,1.99649273565261,-0.996535498120486,1.00304712839393,-1.9743893330238,0.973416144385519,1.9743893330238,-0.976463272779453,1.07166218834483,-1.62136823018255,0.68329413780664,1.62136823018255,-0.754956326151472,1.40008184787761,-1.29312156313842,0.229862210420191,1.29312156313842,-0.629944058297805,1.07697769451266,-0.702703207154308,0.32842871979596,0.702703207154308,-0.405406414308616
