SR_44100:0.983488107941413,-1.93329279071125,0.950307122767464,1.93329279071125,-0.933795230708877,1.01112639472988,-1.89466290758494,0.902930748964291,1.89466290758494,-0.914057143694168,0.982452086787027,-1.75559149067954,0.846907930720011,1.75559149067954,-0.829360017507039,0.963757947793269,-1.35787315328935,0.788054898802307,1.35787315328935,-0.751812846595575,0.864568955728741,-0.360223659587062,0.401472287766534,0.360223659587062,-0.266041243495275
SR_48000:0.984788841414033,-1.93858529114429,0.954221706785927,1.93858529114429,-0.93901054819996,1.01025798296067,-1.90433254735145,0.910506974873374,1.90433254735145,-0.920764957834047,0.983766203455462,-1.77936943587649,0.858372589657194,1.77936943587649,-0.842138793112657,0.96636777511782,-1.43170528651941,0.803317282765982,1.43170528651941,-0.769685057883802,0.872017984456256,-0.499941737001802,0.434392731868784,0.499941737001802,-0.306410716325041
