SR_44100:0.984302414513327,-1.92748282763023,0.943963211691842,1.92748282763023,-0.928265626205169,1.01793729895244,-1.88031859671827,0.895101893788955,1.88031859671827,-0.913039192741394,1.05142055189262,-1.60072656355452,0.816440395655651,1.60072656355452,-0.867860947548269,0.879673872588328,-1.09013100484757,0.637876055868153,1.09013100484757,-0.517549928456481,1.13220991979395,0.37739342805988,0.226830625643704,-0.37739342805988,-0.35904054543765
SR_48000:0.985535761725793,-1.93323904092867,0.948365979029156,1.93323904092867,-0.933901740754949,1.01653792661027,-1.89209359489344,0.903285484248535,1.89209359489344,-0.919823410858803,1.04749382221335,-1.65037612966205,0.830457922106935,1.65037612966205,-0.877951744320281,0.887286296917434,-1.17716325976726,0.660785802751552,1.17716325976726,-0.548072099668987,1.1238082538602,0.182706933693002,0.275963934276411,-0.182706933693002,-0.399772188136616
