SR_44100:1.00099122573098,-1.99660246926931,0.995619349520173,1.99660246926931,-0.996610575251153,0.998782855300181,-1.97741481820732,0.978832681258358,1.97741481820732,-0.977615536558539,1.05775773492542,-1.41407247680611,0.496108109873693,1.41407247680611,-0.55386584479911,1.22008569649619,0.513053050196759,0.0273471704513328,-0.513053050196759,-0.247432866947519
SR_48000:1.00091081402544,-1.99687869405176,0.995974723241261,1.99687869405176,-0.996885537266701,0.998880731385349,-1.97924599070958,0.980534840658336,1.97924599070958,-0.979415572043685,1.05401077158989,-1.46232415493572,0.528797488011701,1.46232415493572,-0.582808259601593,1.20549860336962,0.335769150783034,0.0918137742802995,-0.335769150783034,-0.297312377649923
