SR_44100:1.0014855801704,-1.9949019429714,0.993434585803336,1.9949019429714,-0.994920165973734,0.97362549927231,-1.8788565356696,0.905849067344423,1.8788565356696,-0.879474566616733,0.970395069418003,-1.81977030202509,0.910903355250321,1.81977030202509,-0.881298424668324,1.11336065638526,-1.36936668178555,0.595328395584915,1.36936668178555,-0.708689051970179,1.21075492635125,1.22227445022536,0.247653137301075,-1.22227445022536,-0.458408063652327
SR_48000:1.00136515840656,-1.99531655424857,0.993966781085429,1.99531655424857,-0.995331939491994,0.975649422000996,-1.88819917782745,0.91307400837728,1.88819917782745,-0.888723430378276,0.97266912332958,-1.83818393780326,0.917747167058634,1.83818393780326,-0.890416290388214,1.10535239613858,-1.43783416633788,0.623916052237006,1.43783416633788,-0.72926844837559,1.19022404923815,1.06855694233138,0.320943670774811,-1.06855694233138,-0.511167720012959
