SR_44100:1.00094230259148,-1.995399271242,0.994489373367394,1.995399271242,-0.995431675958877,1.17280137077709,-1.6120449217675,0.598608217700337,1.6120449217675,-0.771409588477424,0.790389906198503,-0.519016539933097,0.451960073566833,0.519016539933097,-0.242349979765336,1.19477177236838,0.184714696471549,0.139220228636721,-0.184714696471549,-0.333992001005103
SR_48000:1.00086590115601,-1.99577471548758,0.994936172292578,1.99577471548758,-0.995802073448591,1.16019863222838,-1.65197155827933,0.627882497558043,1.65197155827933,-0.788081129786419,0.80158620676646,-0.641409886967109,0.481233567167757,0.641409886967109,-0.282819773934217,1.1826581418812,-8.42170168877408E-17,0.192755543093944,8.42170168877408E-17,-0.375413684975148
