SR_44100:1.00117720625667,-1.99424224935353,0.993115646493278,1.99424224935353,-0.994292852749947,0.990776059978775,-1.90855952241899,0.919528205569197,1.90855952241899,-0.910304265547972,1.11271504512164,-1.58406947234459,0.705298805434098,1.58406947234459,-0.818013850555733,0.887741275392614,-0.943600786486646,0.599262039890877,0.943600786486646,-0.487003315283492
SR_48000:1.00108180896947,-1.99471261861699,0.993673533987433,1.99471261861699,-0.994755342956907,0.991494604439247,-1.91581339641106,0.925796954279557,1.91581339641106,-0.917291558718804,1.10430851850386,-1.63195575521909,0.727278244236928,1.63195575521909,-0.831586762740785,0.894726823629972,-1.04555943667596,0.624198848683897,1.04555943667596,-0.518925672313869
