SR_44100:1.00202982241676,-1.99477116684371,0.992753998430652,1.99477116684371,-0.994783820847417,0.987351338994986,-1.94169389009537,0.954847174444669,1.94169389009537,-0.942198513439654,1.07608736289673,-1.62216384659665,0.771013523467856,1.62216384659665,-0.84710088636459,0.733849563640457,-0.706109090719353,0.441116463495848,0.706109090719353,-0.174966027136306,1.28081450495098,0.143975182017819,-0.241039409499346,-0.143975182017819,-0.0397750954516349
SR_48000:1.00186529446858,-1.99519593649743,0.993341325558836,1.99519593649743,-0.995206620027414,0.988351726837721,-1.94634309813073,0.958418330137179,1.94634309813073,-0.9467700569749,1.07033390245873,-1.66698380632525,0.788328680458546,1.66698380632525,-0.85866258291728,0.747286659628621,-0.802172903328568,0.469332730314459,0.802172903328568,-0.216619389943079,1.26454987859127,-6.70711272803203E-17,-0.169159068785813,6.70711272803203E-17,-0.0953908098054606
