SR_44100:1.00121208217898,-1.99583714104386,0.994643290410044,1.99583714104386,-0.995855372589027,0.995282490448864,-1.95367959912454,0.958843351328084,1.95367959912454,-0.954125841776947,1.08403872731577,-1.6018092057594,0.700000972998129,1.6018092057594,-0.784039700313894,0.971817911119096,-1.28002106253505,0.835189915688159,1.28002106253505,-0.807007826807255,0.87301341036893,-0.64378284040249,0.66798487621824,0.64378284040249,-0.540998286587171
SR_48000:1.0011137879789,-1.99617609063124,0.995077694523372,1.99617609063124,-0.996191482502268,0.99565770765292,-1.95739716131328,0.962116833337103,1.95739716131328,-0.957774540990023,1.07787773892515,-1.64426491801773,0.721994291811827,1.64426491801773,-0.799872030736982,0.973905180000642,-1.36932699550924,0.847396355097348,1.36932699550924,-0.82130153509799,0.881166220316363,-0.785233587874989,0.689300955433615,0.785233587874989,-0.570467175749978
