SR_44100:0.997193835990745,-1.98049377129186,0.983589430545314,1.98049377129186,-0.980783266536059,0.979102037630761,-1.72432848108446,0.817681324040452,1.72432848108446,-0.796783361671212,1.15983801404912,-1.43337488397978,0.62872015974237,1.43337488397978,-0.788558173791493,0.896696903806025,-0.367773499654964,0.395878990185871,0.367773499654964,-0.292575893991897,1.24493947043528,0.563694313157967,0.125622136936487,-0.563694313157967,-0.370561607371763
SR_48000:0.997419823880752,-1.98208628622184,0.984911017577522,1.98208628622184,-0.982330841458274,0.980641682698105,-1.75002116543926,0.831113545094649,1.75002116543926,-0.811755227792754,1.14807791274107,-1.5000668260818,0.656037119109271,1.5000668260818,-0.804115031850346,0.902491225466142,-0.509832169258358,0.429764435844968,0.509832169258358,-0.33225566131111,1.22834812039152,0.365762448351088,0.18484946020463,-0.365762448351088,-0.413197580596151
