SR_44100:0.979010675291885,-1.93486494704173,0.955924971673319,1.93486494704173,-0.934935646965204,0.965863083737588,-1.77684879180713,0.878139020060496,1.77684879180713,-0.844002103798084,1.14569309484765,-1.60529147273177,0.661576694984133,1.60529147273177,-0.807269789831788,0.912589092497781,-1.32195114474781,0.736935084127229,1.32195114474781,-0.649524176625009,1.17468841987298,0.228327571455141,0.474271623633873,-0.228327571455141,-0.648960043506848
SR_48000:0.980664976611083,-1.94000394365626,0.959398803181406,1.94000394365626,-0.940063779792489,0.968437704326195,-1.79866725205272,0.88732982644407,1.79866725205272,-0.855767530770266,1.13488042357027,-1.64922266578121,0.686692915856305,1.64922266578121,-0.821573339426571,0.91854646881273,-1.39138989562763,0.754863930124794,1.39138989562763,-0.673410398937524,1.16246957494197,-1.02469797712173E-16,0.511044487635504,1.02469797712173E-16,-0.67351406257747
