SR_44100:0.981823805787308,-1.94655099627486,0.965011724205448,1.94655099627486,-0.946835529992756,1.02005041507351,-1.93879261106814,0.928424606069596,1.93879261106814,-0.948475021143103,0.953219699934562,-1.64143450282385,0.726426765932804,1.64143450282385,-0.679646465867366,1.13511398341893,-1.44303706038852,0.6467352492904,1.44303706038852,-0.781849232709329,0.922496339487587,-0.964310650657435,0.546755214721422,0.964310650657435,-0.469251554209009
SR_48000:0.983264501923698,-1.9508087988742,0.967784993084856,1.9508087988742,-0.951049495008554,1.01845977359376,-1.9443714642335,0.934102832185999,1.9443714642335,-0.952562605779757,0.956460813531899,-1.66914134098783,0.745380939539267,1.66914134098783,-0.701841753071167,1.12520944991596,-1.50779614759023,0.672631329550087,1.50779614759023,-0.797840779466042,0.92727858209457,-1.06207478135947,0.574721977958427,1.06207478135947,-0.502000560052997
