SR_44100:1.00163441218869,-1.99669737583889,0.995081203053431,1.99669737583889,-0.99671561524212,0.987334192824096,-1.95382982640379,0.96688438086635,1.95382982640379,-0.954218573690446,0.951218425347755,-1.63514779103134,0.784413356384715,1.63514779103134,-0.735631781732471,1.08978623758359,-1.62913085928117,0.765247740947911,1.62913085928117,-0.855033978531502,1.12285339245619,0.145536650366468,-0.071801520837254,-0.145536650366468,-0.051051871618932
SR_48000:1.00150181651994,-1.99696667098644,0.995480252433443,1.99696667098644,-0.99698206895338,0.988341626320788,-1.95753125562465,0.969518384646416,1.95753125562465,-0.957860010967203,0.954700364794803,-1.66863046572002,0.799801536122902,1.66863046572002,-0.754501900917705,1.08296997042602,-1.67359979002122,0.783069337626943,1.67359979002122,-0.866039308052962,1.11598452422233,-6.76049206327532E-17,-0.0118759194982577,6.76049206327532E-17,-0.104108604724077
