SR_44100:0.990425150190675,-1.9474691930653,0.957684643264833,1.9474691930653,-0.948109793455508,1.01101834316378,-1.88697267812455,0.903873415915167,1.88697267812455,-0.914891759078947,1.05142055189262,-1.60072656355452,0.816440395655651,1.60072656355452,-0.867860947548269,0.900423097105986,-1.125018515852,0.644533241587299,1.125018515852,-0.544956338693284,1.33617461742017,0.236169369057629,-0.485699425550055,-0.236169369057629,0.149524808129886
SR_48000:0.991184550101469,-1.95168342763571,0.961040756286954,1.95168342763571,-0.952225306388423,1.01015801954117,-1.89787978820609,0.911379078955419,1.89787978820609,-0.921537098496587,1.04749382221335,-1.65037612966205,0.830457922106935,1.65037612966205,-0.877951744320281,0.906827548898946,-1.21032866297179,0.667395669038745,1.21032866297179,-0.574223217937691,1.31586930760409,0.120072053356877,-0.395961576330896,-0.120072053356877,0.0800922687268026
