SR_44100:1.00066196444564,-1.99677252742092,0.996128803064998,1.99677252742092,-0.99679076751064,0.981296807367246,-1.91341152185693,0.933233881915271,1.91341152185693,-0.914530689282517,1.05388997574869,-1.60220667170944,0.684849072606436,1.60220667170944,-0.738739048355126,0.884734139818109,-1.07281112429918,0.588527253974561,1.07281112429918,-0.47326139379267,0.839577782777389,-0.446004141825678,0.427329391895282,0.446004141825678,-0.266907174672671
SR_48000:1.00060825911845,-1.99703573477858,0.996442874159606,1.99703573477858,-0.997051133278052,0.982756689379395,-1.92025401881162,0.93844532665237,1.92025401881162,-0.921202016031765,1.05003064319585,-1.64072023045459,0.70741861761458,1.64072023045459,-0.75744926081043,0.891843117358685,-1.15768189296087,0.613904677137311,1.15768189296087,-0.505747794495997,0.848352516192304,-0.578073838528388,0.458653182375643,0.578073838528388,-0.307005698567947
