SR_44100:0.974892868949613,-1.91621823953594,0.941679883467207,1.91621823953594,-0.91657275241682,1.10601866305909,-1.76517619345739,0.777373705801993,1.76517619345739,-0.883392368861085,0.890158111386269,-1.20887394583715,0.669428587196124,1.20887394583715,-0.559586698582392,1.11027297133529,-0.880514360727762,0.512656572873362,0.880514360727762,-0.622929544208648,0.813801981112062,-0.182398911065801,0.439633249738445,0.182398911065801,-0.253435230850507
SR_48000:0.976854464966996,-1.92279057906023,0.946236378117848,1.92279057906023,-0.923090843084843,1.09785949248757,-1.79193882066133,0.79450697135784,1.79193882066133,-0.89236646384541,0.897276662940193,-1.2848230887779,0.690852013850534,1.2848230887779,-0.588128676790728,1.10280164525108,-1.0035293382633,0.545675558532022,1.0035293382633,-0.648477203783102,0.823948996515264,-0.334942875956206,0.470170900355276,0.334942875956206,-0.29411989687054
