SR_44100:1.00151296758929,-1.99481841793539,0.993313549084902,1.99481841793539,-0.99482651667419,0.999250858152047,-1.9858818734351,0.986971701654961,1.9858818734351,-0.986222559807008,1.14952655951567,-1.47102593877802,0.686012416412031,1.47102593877802,-0.835538975927701,0.898204728399093,-0.412089237070974,0.550123154145946,0.412089237070974,-0.44832788254504,1.12058782311045,0.440878636071166,0.467070830931868,-0.440878636071166,-0.587658654042319
SR_48000:1.00139033109408,-1.99523902571045,0.993855532212239,1.99523902571045,-0.99524586330632,0.999311340720913,-1.98704715627856,0.988023551787243,1.98704715627856,-0.987334892508157,1.13827305950542,-1.53648637993512,0.709643397333224,1.53648637993512,-0.847916456838641,0.904434670025027,-0.567171518241501,0.577655930909076,0.567171518241501,-0.482090600934103,1.11232914702259,0.210917091278319,0.503569453028028,-0.210917091278319,-0.615898600050617
