SR_44100:1.00294949545114,-1.99606584238331,0.99314876247397,1.99606584238331,-0.996098257925109,0.929501911809084,-1.79116820311044,0.864294663462056,1.79116820311044,-0.79379657527114,1.18141524442838,-1.75080036329616,0.650784617994226,1.75080036329616,-0.832199862422611,1.02077709111562,-1.52913767621861,0.638666372014888,1.52913767621861,-0.65944346313051,1.27387491604053,0.226769026525615,0.363829463954373,-0.226769026525615,-0.637704379994902
SR_48000:1.00271027834524,-1.99638734007844,0.993704428092027,1.99638734007844,-0.996414706437266,0.934684159581484,-1.8067169481279,0.874270234375014,1.8067169481279,-0.808954393956498,1.16778633987606,-1.77554312347398,0.677019585868929,1.77554312347398,-0.844805925744989,1.01935043903572,-1.5710549691554,0.663477225903666,1.5710549691554,-0.682827664939386,1.25465446982225,-1.01833988084251E-16,0.408475690598626,1.01833988084251E-16,-0.663130160420872
