SR_44100:0.976094162706194,-1.92556447410351,0.949800650066167,1.92556447410351,-0.925894812772361,1.04658891105244,-1.61452507667447,0.72754601722402,1.61452507667447,-0.774134928276457,0.892863719977226,-1.16455354155345,0.751138418671623,1.16455354155345,-0.64400213864885,0.874928419754057,-0.745526594492795,0.759243387669692,0.745526594492795,-0.634171807423749,1.1516370220788,0.351239527840343,0.113220084599967,-0.351239527840343,-0.26485710667877
SR_48000:0.977970254616727,-1.93143078680076,0.953740214833023,1.93143078680076,-0.93171046944975,1.04319215473536,-1.65430104770903,0.747410396240435,1.65430104770903,-0.790602550975793,0.900140825707486,-1.25420629113007,0.768042048694445,1.25420629113007,-0.668182874401931,0.883377925547816,-0.885205753578574,0.775508268842302,0.885205753578574,-0.658886194390118,1.14220024975343,0.171068539939219,0.168406740534148,-0.171068539939219,-0.310606990287575
