SR_44100:0.968989713920446,-1.90910266110393,0.940306731479477,1.90910266110393,-0.909296445399923,1.00897785559836,-1.91812539802825,0.921675103212035,1.91812539802825,-0.930652958810397,1.0700157565079,-1.66938376154967,0.789286147211655,1.66938376154967,-0.859301903719552,0.850170537351884,-0.918370426302058,0.549085164391086,0.918370426302058,-0.39925570174297,1.26488110776329,0.203231138931412,0.202834882725957,-0.203231138931412,-0.46771599048925
SR_48000:0.971404010491136,-1.91619396453034,0.944954133090436,1.91619396453034,-0.916358143581572,1.0082716002043,-1.92550203594386,0.92783663925366,1.92550203594386,-0.936108239457961,1.06469045496803,-1.70833293480099,0.805312751231841,1.70833293480099,-0.870003206199867,0.859001052955575,-1.01445911214006,0.57566078190586,1.01445911214006,-0.434661834861435,1.24744034398217,-9.20146903409008E-17,0.255323218426178,9.20146903409008E-17,-0.50276356240835
