SR_44100:1.00192060244982,-1.9968808149071,0.994978453536183,1.9968808149071,-0.996899055986007,0.901867854597236,-1.69404009892562,0.793934433406875,1.69404009892562,-0.695802288004111,1.26913404510273,-1.32522093139214,0.481930260781304,1.32522093139214,-0.751064305884035,0.801568267761513,-0.382462296620709,0.481186664412392,0.382462296620709,-0.282754932173905,1.42138628432665,0.593309969784631,0.0211825812383203,-0.593309969784631,-0.442568865564974
SR_48000:1.00176477574588,-1.99713524959043,0.995385873111357,1.99713524959043,-0.997150648857232,0.908716037642995,-1.71552469453965,0.808314784653309,1.71552469453965,-0.717030822296305,1.24965326340545,-1.40350796000567,0.51942980302552,1.40350796000567,-0.76908306643097,0.812485368362751,-0.521936460823162,0.509730170604568,0.521936460823162,-0.322215538967318,1.39144995644959,0.383613864810616,0.0907202009229563,-0.383613864810616,-0.482170157372549
