SR_44100:0.984302414513327,-1.92748282763023,0.943963211691842,1.92748282763023,-0.928265626205169,0.995479455570059,-1.94889837515571,0.960561720778278,1.94889837515571,-0.956041176348338,0.940753567748663,-1.68245837224463,0.845096150745492,1.68245837224463,-0.785849718494155,1.08638078999848,-1.58509008077505,0.691640345125332,1.58509008077505,-0.778021135123808,0.842072913540142,-0.48392471210738,0.436236437789204,0.48392471210738,-0.278309351329347
SR_48000:0.985535761725793,-1.93323904092867,0.948365979029156,1.93323904092867,-0.933901740754949,0.995839333447967,-1.95350010233968,0.96370137894437,1.95350010233968,-0.959540712392337,0.945092437807492,-1.71335956684702,0.856440423269388,1.71335956684702,-0.80153286107688,1.08006676113468,-1.62943293321613,0.714179983410007,1.62943293321613,-0.794246744544683,0.850765543000759,-0.613695153577603,0.467267135939527,0.613695153577603,-0.318032678940285
