SR_44100:0.998523866110551,-1.98985905603088,0.991367504665687,1.98985905603088,-0.989891370776238,0.978938635283868,-1.92343292278353,0.944933621466999,1.92343292278353,-0.923872256750867,1.04335994020964,-1.77706307292579,0.808373877969383,1.77706307292579,-0.851733818179027,0.951757548953954,-1.48846354706644,0.717876043258947,1.48846354706644,-0.669633592212902,1.10589918290967,-1.160220656423,0.531986214716271,1.160220656423,-0.637885397625945
SR_48000:0.99864324499676,-1.99068159444825,0.992065637596294,1.99068159444825,-0.990708882593054,0.980589916440479,-1.9294689302236,0.949251008989599,1.9294689302236,-0.929840925430077,1.04007512643737,-1.79948697432031,0.822890875034658,1.79948697432031,-0.862966001472027,0.955083704018101,-1.53695172134831,0.737327543070507,1.53695172134831,-0.692411247088609,1.09868209328294,-1.24998158266156,0.5638816207254,1.24998158266156,-0.662563714008341
