SR_44100:1.00169711825632,-1.99773671705647,0.996057847697544,1.99773671705647,-0.997754965953861,0.932174889183013,-1.7735898993251,0.842452394948752,1.7735898993251,-0.774627284131765,1.29054798278394,-1.40178423756574,0.389884584209079,1.40178423756574,-0.680432566993022,0.769702842520492,-0.300421407873681,0.465054090233507,0.300421407873681,-0.234756932753999,2.01600019329689,0.146810296157759,-0.955750172693873,-0.146810296157759,-0.0602500206030199
SR_48000:1.00155936957944,-1.99792178155379,0.996377817305845,1.99792178155379,-0.997937186885284,0.937111114468278,-1.79014585869463,0.853918509228836,1.79014585869463,-0.791029623697114,1.27024734067117,-1.46336355181719,0.432513462870637,1.46336355181719,-0.702760803541807,0.781972337192942,-0.441481523925066,0.493554294325313,0.441481523925066,-0.275526631518255,1.94876684499944,-6.8727207521181E-17,-0.826329299143791,6.8727207521181E-17,-0.122437545855646
