SR_44100:0.977578744814131,-1.92521610174361,0.947918772056148,1.92521610174361,-0.925497516870278,1.06462076245489,-1.60831231953135,0.714413210626642,1.60831231953135,-0.779033973081536,0.903258670798583,-1.1353668414697,0.747063178222704,1.1353668414697,-0.650321849021287,0.869346471796721,-0.578352195884386,0.658397414522568,0.578352195884386,-0.527743886319289,1.32190459588098,0.763404521061397,-0.149125749951815,-0.763404521061397,-0.172778845929168
SR_48000:0.979337996664033,-1.93110498305942,0.95200525141896,1.93110498305942,-0.931343248082993,1.05989647242066,-1.64940326865657,0.735291868997266,1.64940326865657,-0.795188341417928,0.909854659953468,-1.22937594469288,0.764308842997898,1.22937594469288,-0.674163502951366,0.877673574836435,-0.725354213995312,0.680169194948407,0.725354213995312,-0.557842769784842,1.29497419499906,0.62099190702693,-0.0529903809451965,-0.62099190702693,-0.241983814053861
