SR_44100:0.978959773248251,-1.92970252139341,0.951126694898919,1.92970252139341,-0.93008646814717,1.09629551950534,-1.64397131356918,0.710196662390745,1.64397131356918,-0.806492181896085,0.664154800689763,-0.460796611490414,0.438836369947777,0.460796611490414,-0.10299117063754,1.36642801424168,0.19501459763449,0.0419488950840314,-0.19501459763449,-0.408376909325716
SR_48000:0.980614290035636,-1.93525916550385,0.954969890350129,1.93525916550385,-0.935584180385766,1.08915614379039,-1.6822357950128,0.731682759784149,1.6822357950128,-0.820838903574534,0.680177644000882,-0.572893288711708,0.465608933422534,0.572893288711708,-0.145786577423416,1.34245077841151,-8.86057679664095E-17,0.104639018074415,8.86057679664095E-17,-0.447089796485921
