SR_44100:0.976482658894558,-1.93114237533061,0.954730280336838,1.93114237533061,-0.931212939231397,0.983326417611493,-1.87358194008763,0.902492163343779,1.87358194008763,-0.885818580955272,1.36783313703102,-1.21286873832523,0.145578546062472,1.21286873832523,-0.51341168309349,0.756635547359585,-0.421848398104666,0.488964257164195,0.421848398104666,-0.24559980452378,1.20079659341029,0.512521292018615,0.283202107261361,-0.512521292018615,-0.483998700671653
SR_48000:0.978332923605409,-1.93656514201897,0.958291948485771,1.93656514201897,-0.93662487209118,0.984610062223845,-1.88423016868719,0.909998972994483,1.88423016868719,-0.894609035218328,1.34420924345375,-1.28433998561373,0.200453323416338,1.28433998561373,-0.544662566870093,0.769623778820597,-0.553577748851443,0.516237963084628,0.553577748851443,-0.285861741905224,1.18722598192958,0.296317240649655,0.331646085056694,-0.296317240649655,-0.518872066986277
