SR_44100:0.977710867179531,-1.92579530972369,0.948225672582985,1.92579530972369,-0.925936539762516,1.01070651852401,-1.90607125021234,0.90659384647434,1.90607125021234,-0.917300364998354,1.1098544450573,-1.60067516866036,0.712778039951772,1.60067516866036,-0.822632485009072,0.784922917382024,-1.03008174709934,0.500408051535617,1.03008174709934,-0.285330968917641,1.1948869034755,-0.945220697211252,0.547306822966095,0.945220697211252,-0.742193726441595
SR_48000:0.9794601045817,-1.93162942195449,0.952288889879029,1.93162942195449,-0.931748994460728,1.00986959362624,-1.91425304594093,0.913895373606218,1.91425304594093,-0.923764967232457,1.10164316401747,-1.64655984082185,0.734246995837322,1.64655984082185,-0.835890159854792,0.79663744819407,-1.10107912647956,0.527619157444708,1.10107912647956,-0.324256605638779,1.18083975608441,-1.07189251695324,0.57993624889124,1.07189251695324,-0.760776004975653
