SR_44100:1.00049224450801,-1.99618968482102,0.995705544618995,1.99618968482102,-0.996197789127004,0.991224886131518,-1.95965904483056,0.968674851387457,1.95965904483056,-0.959899737518974,0.956039679694015,-1.11507325392401,0.742918130496913,1.11507325392401,-0.698957810190929,1.04768245413465,-1.47215939271577,0.789270840076177,1.47215939271577,-0.836953294210826,0.799248644356936,-0.452282905860425,0.283363595739182,0.452282905860425,-0.0826122400961184
SR_48000:1.00045231949439,-1.99649933728736,0.996053859707867,1.99649933728736,-0.996506179202262,0.991924720961347,-1.96289432131016,0.971173101595626,1.96289432131016,-0.963097822556973,0.959120186987684,-1.21626132303499,0.760933071438245,1.21626132303499,-0.720053258425929,1.04409529294765,-1.53756968157013,0.805124039689437,1.53756968157013,-0.849219332637091,0.808947153530455,-0.563466103916166,0.317985054301876,0.563466103916166,-0.126932207832331
