SR_44100:0.978474968570923,-1.90070143967556,0.923160563097957,1.90070143967556,-0.90163553166888,1.01904684150619,-1.81072479785215,0.833830932257257,1.81072479785215,-0.852877773763444,1.09190911887966,-1.48515551904553,0.7233976248856,1.48515551904553,-0.815306743765262,0.906030400618133,-0.895876149611504,0.584708146938068,0.895876149611504,-0.490738547556201,1.16969667039259,-0.20659865019281,0.250037829581517,0.20659865019281,-0.419734499974111
SR_48000:0.980144696826462,-1.90847416540347,0.929121110907504,1.90847416540347,-0.909265807733965,1.01760343151069,-1.82821025143678,0.846423576200062,1.82821025143678,-0.864027007710751,1.08506424303796,-1.54688833509659,0.743997418880544,1.54688833509659,-0.829061661918505,0.911898289148563,-1.00387981381956,0.610640856212055,1.00387981381956,-0.522539145360618,1.15913026924673,-0.376805730163224,0.29673527578674,0.376805730163224,-0.455865545033471
