SR_44100:0.978598437747043,-1.91356055146435,0.935591560201146,1.91356055146435,-0.914189997948189,0.984892390501289,-1.79899938051871,0.868197706931792,1.79899938051871,-0.853090097433081,1.15954708351973,-1.42759011562362,0.430453418968828,1.42759011562362,-0.590000502488558,1.05962503995235,-1.12293435256443,0.651310167135899,1.12293435256443,-0.710935207088248,0.80753750537404,-0.459178941241597,0.496793644413696,0.459178941241597,-0.304331149787736
SR_48000:0.980268639251519,-1.92035352497391,0.940618065826365,1.92035352497391,-0.920886705077884,0.986037102966051,-1.81825416981592,0.878184444262558,1.81825416981592,-0.864221547228609,1.1489578583127,-1.47739703134978,0.468254529959905,1.47739703134978,-0.617212388272607,1.0554099527829,-1.22426356209449,0.675960180650318,1.22426356209449,-0.731370133433217,0.818257796557689,-0.594029260130152,0.524822578922895,0.594029260130152,-0.343080375480585
