SR_44100:1.00034939911592,-1.99829798498929,0.997956698738821,1.99829798498929,-0.99830609785474,0.991204440094047,-1.95209333532616,0.961128658671653,1.95209333532616,-0.9523330987657,1.00528251806263,-1.94946091592005,0.953914085885778,1.94946091592005,-0.959196603948407,1.04995018798969,-1.7804464575519,0.821689258344395,1.7804464575519,-0.871639446334084,0.876297921065629,-1.05015793694152,0.62771606063773,1.05015793694152,-0.504013981703359
SR_48000:1.00032103252684,-1.99843677176075,0.998122587788314,1.99843677176075,-0.998443620315157,0.991903417553907,-1.95591837857023,0.964217739038746,1.95591837857023,-0.956121156592654,1.00486134970572,-1.95421718705953,0.957588456421611,1.95421718705953,-0.962449806127327,1.0461291479933,-1.80397967897714,0.83532949681143,1.80397967897714,-0.881458644804726,0.884062907484052,-1.14083718384716,0.651084946252649,1.14083718384716,-0.535147853736701
