SR_44100:0.992033068336113,-1.97110494668145,0.97916991227002,1.97110494668145,-0.971202980606133,1.00286787949137,-1.98893113700983,0.987325613856376,1.98893113700983,-0.990193493347742,0.966802407038616,-1.48421304583116,0.710376490931356,1.48421304583116,-0.677178897969971,0.892284099213772,-0.967940398904428,0.718369410213274,0.967940398904428,-0.610653509427046,1.21668987552459,-0.210007016140429,0.22646672677137,0.210007016140429,-0.443156602295956
SR_48000:0.992671812895247,-1.97342891888348,0.980839953606524,1.97342891888348,-0.973511766501771,1.00263591353837,-1.9899206849542,0.988350770620921,1.9899206849542,-0.990986684159288,0.969101332095592,-1.53397454022061,0.730432846910598,1.53397454022061,-0.699534179006191,0.899470897148955,-1.07910559110807,0.737159784952659,1.07910559110807,-0.636630682101615,1.20298885800581,-0.382629038911015,0.275376224283446,0.382629038911015,-0.478365082289256
