SR_44100:1.00124529634949,-1.9967917665768,0.995554576977678,1.9967917665768,-0.996799873327169,0.99826192683779,-1.98789581698814,0.989835672379912,1.98789581698814,-0.988097599217702,1.14731290072687,-1.48365036013109,0.614840345649264,1.48365036013109,-0.762153246376133,0.843856890976503,-0.873162771941402,0.637302872408334,0.873162771941402,-0.481159763384837,1.18234563116439,-0.0049028770010312,0.194136661621015,0.0049028770010312,-0.376482292785405
SR_48000:1.00114426474398,-1.99705265762444,0.995915236691566,1.99705265762444,-0.997059501435547,0.99840237310639,-1.98888897384487,0.990657008281129,1.98888897384487,-0.989059381387519,1.1366182862885,-1.54102329885278,0.642802146551779,1.54102329885278,-0.779420432840279,0.853518467198664,-0.982786181605475,0.659745271344161,0.982786181605475,-0.513263738542825,1.17105696606224,-0.184705404442372,0.244026101181314,0.184705404442372,-0.415083067243554
