SR_44100:0.996468567622391,-1.98376349858287,0.987393594464787,1.98376349858287,-0.983862162087178,1.00346757778116,-1.98238393647877,0.979721453974307,1.98238393647877,-0.983189031755472,0.996010313315202,-1.95876543003816,0.965193047005555,1.95876543003816,-0.961203360320757,1.01786134250105,-1.78694871158649,0.844173500836407,1.78694871158649,-0.862034843337455,0.922364759419494,-0.555965859582443,0.65689666513776,0.555965859582443,-0.579261424557254
SR_48000:0.996753368922107,-1.98508030209792,0.988410269937309,1.98508030209792,-0.985163638859416,1.00318801167501,-1.98386432663109,0.981356368750143,1.98386432663109,-0.984544380425157,0.996328698217833,-1.96223823305232,0.967970710821171,1.96223823305232,-0.964299409039004,1.0165016814844,-1.8087320235504,0.856035499242257,1.8087320235504,-0.872537180726655,0.92747152841183,-0.710730145043849,0.67946566162106,0.710730145043849,-0.60693719003289
