SR_44100:0.982230015584999,-1.91816427647061,0.936565221718456,1.91816427647061,-0.918795237303455,0.979102037630761,-1.72432848108446,0.817681324040452,1.72432848108446,-0.796783361671212,1.12741386320047,-1.58784263679696,0.66686774024785,1.58784263679696,-0.794281603448323,0.903675272694331,-0.549120976575345,0.656142764283628,0.549120976575345,-0.559818036977959,1.44933393910829,0.151906490071962,-0.352279689892282,-0.151906490071962,-0.0970542492160113
SR_48000:0.983619880195355,-1.92461223802547,0.941526720352346,1.92461223802547,-0.925146600547701,0.980641682698105,-1.75002116543926,0.831113545094649,1.75002116543926,-0.811755227792754,1.11801984670829,-1.63318193690283,0.691429038866247,1.63318193690283,-0.809448885574536,0.909938481128145,-0.702548811081797,0.678500985261844,0.702548811081797,-0.588439466389989,1.42196241465465,-7.05408704832252E-17,-0.269904526615029,7.05408704832252E-17,-0.152057888039617
