SR_44100:0.978598437747043,-1.91356055146435,0.935591560201146,1.91356055146435,-0.914189997948189,0.978862171201696,-1.75362708174989,0.81558867361925,1.75362708174989,-0.794450844820946,1.11450525506951,-1.41258212540367,0.493952300787149,1.41258212540367,-0.608457555856661,1.11807583929699,0.708189457088102,-0.0301210377872556,-0.708189457088102,-0.0879548015097366
SR_48000:0.980268639251519,-1.92035352497391,0.940618065826365,1.92035352497391,-0.920886705077884,0.98041757883147,-1.77480549452715,0.829158410927956,1.77480549452715,-0.809575989759426,1.10683462103854,-1.46610597316354,0.527852113512085,1.46610597316354,-0.634686734550624,1.10885634164633,0.579584171008806,0.0503120003712809,-0.579584171008806,-0.159168342017612
