SR_44100:1.00158478495453,-1.99589505252486,0.994342680338558,1.99589505252486,-0.995927465293087,0.964205650474326,-1.83526318833312,0.872222362560069,1.83526318833312,-0.836428013034394,0.975140261873165,-1.70075406123271,0.783117872455499,1.70075406123271,-0.758258134328665,1.06275494287878,-1.62478943549465,0.722659065396077,1.62478943549465,-0.785414008274854,1.07827896730284,-1.1479055587572,0.542221186813191,1.1479055587572,-0.620500154116034
SR_48000:1.0014562620251,-1.99623037560629,0.994801477788357,1.99623037560629,-0.996257739813455,0.966894524345204,-1.84772572590459,0.881821027018222,1.84772572590459,-0.848715551363426,0.97693608934135,-1.72665786010981,0.798785088257034,1.72665786010981,-0.775721177598384,1.05815258056506,-1.66404696291824,0.74299887301789,1.66404696291824,-0.80115145358295,1.07299701571267,-1.23760898475561,0.573110269967618,1.23760898475561,-0.646107285680287
