SR_44100:1.00141360780513,-1.99514146369794,0.993752662470036,1.99514146369794,-0.995166270275163,1.07930879444049,-1.63460010289842,0.71688575107234,1.63460010289842,-0.796194545512833,1.06459670929696,-1.22745874515788,0.805594880748352,1.22745874515788,-0.870191590045316
SR_48000:1.00129900716588,-1.99553719548859,0.99425913171273,1.99553719548859,-0.995558138878609,1.07345986509736,-1.6733536652418,0.737765090491059,1.6733536652418,-0.811224955588418,1.05965673912484,-1.32944458409631,0.820461822127619,1.32944458409631,-0.880118561252458
