SR_44100:0.97807259471482,-1.91158482119147,0.934009024828994,1.91158482119147,-0.912081619543814,1.3562535806853,-1.40646834712369,0.314229459261047,1.40646834712369,-0.670483039946349,1.11058901444672,-1.24943320475439,0.605222523105868,1.24943320475439,-0.715811537552588,0.719544419699029,-0.287021277599667,0.460136864908743,0.287021277599667,-0.179681284607772,1.16084293278613,0.501863401890036,0.05938351747205,-0.501863401890036,-0.22022645025818
SR_48000:0.979782091164411,-1.9185150262112,0.939153789396105,1.9185150262112,-0.918935880560516,1.33145745991956,-1.46654320338649,0.361960766587259,1.46654320338649,-0.693418226506816,1.10274550129645,-1.33468448818229,0.63322207032076,1.33468448818229,-0.735967571617211,0.733853729240552,-0.422794205924732,0.487681578769625,0.422794205924732,-0.221535308010178,1.15039980917928,0.328921521239286,0.120455359569982,-0.328921521239286,-0.270855168749258
