SR_44100:0.982037109121113,-1.92753714981008,0.94594031210846,1.92753714981008,-0.927977421229573,0.981000579127673,-1.7558773764672,0.834244640877545,1.7558773764672,-0.815245220005218,1.08645812837772,-1.72444283020804,0.773949310091207,1.72444283020804,-0.860407438468927,1.12450245683747,-1.36148566842406,0.674479811308265,1.36148566842406,-0.798982268145735,0.973677383049932,-0.728604550957112,0.770355377939112,0.728604550957112,-0.744032760989045
SR_48000:0.983448228672879,-1.93326260735032,0.950187105292279,1.93326260735032,-0.933635333965158,0.982413392940862,-1.77844878297092,0.846570356621827,1.77844878297092,-0.828983749562689,1.07987811269926,-1.75538537724661,0.791153211119785,1.75538537724661,-0.871031323819047,1.1152985792693,-1.4390180521316,0.698543978705371,1.4390180521316,-0.813842557974666,0.975567208329167,-0.881204930399273,0.786842652469379,0.881204930399273,-0.762409860798545
