SR_44100:1.00099122573098,-1.99660246926931,0.995619349520173,1.99660246926931,-0.996610575251153,0.982230015584999,-1.91816427647061,0.936565221718456,1.91816427647061,-0.918795237303455,1.07446292571196,-1.46698979341571,0.775902300435917,1.46698979341571,-0.850365226147873,0.869867523463002,-0.850489669884972,0.697721687869962,0.850489669884972,-0.567589211332963,1.18225197252536,0.726727926468082,-0.0658174802030512,-0.726727926468082,-0.116434492322306
SR_48000:1.00091081402544,-1.99687869405176,0.995974723241261,1.99687869405176,-0.996885537266701,0.983619880195355,-1.92461223802547,0.941526720352346,1.92461223802547,-0.925146600547701,1.06882284464679,-1.53427497089432,0.792876239882622,1.53427497089432,-0.86169908452941,0.878339623270533,-0.971425409540853,0.717401110702507,0.971425409540853,-0.595740733973041,1.16767880103555,0.593542931495158,0.0194070619547668,-0.593542931495158,-0.187085862990317
