SR_44100:0.982854844295316,-1.93790177306371,0.955172817774803,1.93790177306371,-0.938027662070119,0.93723058271937,-1.70414186778676,0.854196016137598,1.70414186778676,-0.791426598856968,1.11336065638526,-1.36936668178555,0.595328395584915,1.36936668178555,-0.708689051970179,0.904691746709143,-0.562871922579144,0.442633180000931,0.562871922579144,-0.347324926710074
SR_48000:0.984208159748568,-1.9428127818366,0.958711153586739,1.9428127818366,-0.942919313335306,0.94184026290828,-1.73234168591142,0.864903614917267,1.73234168591142,-0.806743877825547,1.10535239613858,-1.43783416633788,0.623916052237006,1.43783416633788,-0.72926844837559,0.910187984559039,-0.692481701551295,0.47477541854355,0.692481701551295,-0.384963403102589
