SR_44100:0.981050201296129,-1.94412871395742,0.963522573782838,1.94412871395742,-0.944572775078966,0.954527253358455,-1.83977372343173,0.91246720947121,1.83977372343173,-0.866994462829665,1.05898439778177,-1.657097227859,0.739322716946065,1.657097227859,-0.798307114727831,0.937872575747079,-1.26186476878675,0.636676114660205,1.26186476878675,-0.574548690407285,1.30960488479303,-0.0726172929931663,-0.810582862815099,0.0726172929931663,0.500977978022073
SR_48000:0.982550612375802,-1.94858572249284,0.966410790977621,1.94858572249284,-0.948961403353423,0.957995488063802,-1.85402818345998,0.91914338991751,1.85402818345998,-0.877138877981311,1.05463099320975,-1.69276174355659,0.758562273821176,1.69276174355659,-0.813193267030931,0.941939513184224,-1.33234628752996,0.660459742081841,1.33234628752996,-0.602399255266065,1.29786313863829,-0.143889547225283,-0.741916619446521,0.143889547225283,0.444053480808235
