SR_44100:0.998845878697011,-1.99189433890448,0.993250648308735,1.99189433890448,-0.992096527005745,1.00327065350458,-1.97103192944885,0.971466059420436,1.97103192944885,-0.974736712925018,1.04276522810809,-1.56078517360486,0.81100216512096,1.56078517360486,-0.853767393229047,0.84588506093786,-0.541317107439083,0.449844931713749,0.541317107439083,-0.295729992651608
SR_48000:0.998939310588019,-1.99256563011063,0.993797042080309,1.99256563011063,-0.992736352668328,1.00300799488143,-1.97363497005152,0.973757554234902,1.97363497005152,-0.976765549116334,1.03952185529763,-1.6150142917277,0.825336016850528,1.6150142917277,-0.864857872148155,0.85445113949492,-0.667437505795166,0.480423872095412,0.667437505795166,-0.334875011590332
