SR_44100:1.00074048432775,-1.99640199453132,0.995669615371506,1.99640199453132,-0.99641009969926,0.958442846731726,-1.86091217972069,0.903468938107146,1.86091217972069,-0.861911784838872,1.022922619635,-1.95674509534479,0.940067243181916,1.95674509534479,-0.962989862816916,1.03573213153814,-1.67405681621787,0.842084427113251,1.67405681621787,-0.877816558651388,0.904691746709143,-0.562871922579144,0.442633180000931,0.562871922579144,-0.347324926710074
SR_48000:1.00068041918601,-1.99669445554129,0.996020878938845,1.99669445554129,-0.996701298124853,0.961604380420469,-1.871568548418,0.910812708798422,1.871568548418,-0.872417089218891,1.02109173265942,-1.96066636242389,0.944854222402271,1.96066636242389,-0.965945955061691,1.0329907226684,-1.71383926850125,0.854199885484938,1.71383926850125,-0.887190608153334,0.910187984559039,-0.692481701551295,0.47477541854355,0.692481701551295,-0.384963403102589
