SR_44100:1.00471799713379,-1.983738283167,0.979149152648079,1.983738283167,-0.983867149781869,0.981000579127673,-1.7558773764672,0.834244640877545,1.7558773764672,-0.815245220005218,1.05907341991376,-1.59113561577963,0.738929290067557,1.59113561577963,-0.798002709981317,0.904704994280484,-1.22445063782316,0.713207729114777,1.22445063782316,-0.617912723395262,1.55617916212302,0.0639125562212758,-1.45799361061311,-0.0639125562212758,0.901814448490091
SR_48000:1.00433749962331,-1.98505938548569,0.980830733896194,1.98505938548569,-0.985168233519502,0.982413392940862,-1.77844878297092,0.846570356621827,1.77844878297092,-0.828983749562689,1.05471371875016,-1.63630624258863,0.758196674274113,1.63630624258863,-0.812910393024276,0.911088140293262,-1.30388103679316,0.732417937735623,1.30388103679316,-0.643506078028885,1.53082278242796,0.0924449296556793,-1.3459329231166,-0.0924449296556793,0.815110140688641
