SR_44100:0.979789710060584,-1.94081498315676,0.961096190433839,1.94081498315676,-0.940885900494423,0.879673872588328,-1.09013100484757,0.637876055868153,1.09013100484757,-0.517549928456481,0.872904540775937,-0.209269831304629,0.438310803450083,0.209269831304629,-0.31121534422602,1.19459942044506,0.416515510571136,0.305324596726814,-0.416515510571136,-0.49992401717187
SR_48000:0.981387118192062,-1.94549823475456,0.964171122160832,1.94549823475456,-0.945558240352894,0.887286296917434,-1.17716325976726,0.660785802751552,1.17716325976726,-0.548072099668987,0.880122192277833,-0.366534422864969,0.470208692625885,0.366534422864969,-0.350330884903718,1.18154057449238,0.200159600649907,0.351941688687885,-0.200159600649907,-0.533482263180264
