SR_44100:1.00244704416361,-1.99161431636564,0.9891854651726,1.99161431636564,-0.991632509336215,0.994005864795245,-1.95875307673364,0.964946036021422,1.95875307673364,-0.958951900816667,1.12403040185224,-1.27240017164608,0.557239845690259,1.27240017164608,-0.681270247542497,1.18038388118386,-0.163780578732407,-0.0548928006026531,0.163780578732407,-0.12549108058121,1.2953479700915,0.369823153604923,-0.72720780414168,-0.369823153604923,0.431859834050177
SR_48000:1.00224898596352,-1.99229439309679,0.99006076907378,1.99229439309679,-0.9923097550373,0.994483699011147,-1.96205602185571,0.967740431346154,1.96205602185571,-0.962224130357301,1.11538557900193,-1.3514658831469,0.588099885180758,1.3514658831469,-0.703485464182689,1.17055971920168,-0.303625551311881,0.00255932693192773,0.303625551311881,-0.173119046133609,1.26927037163734,0.347282750025642,-0.574704871586054,-0.347282750025642,0.305434499948716
