SR_44100:1.00028734358016,-1.99776224233861,0.99749314788901,1.99776224233861,-0.997780491469173,0.986065960873653,-1.94393386496993,0.95806522394877,1.94393386496993,-0.944131184822423,1.1714062122092,-1.35445852542491,0.484149494801457,1.35445852542491,-0.655555707010655,1.13341039844056,-0.00549888962197201,0.410402385978453,0.00549888962197201,-0.543812784419009
SR_48000:1.00026402071694,-1.99794523716766,0.997696621963071,1.99794523716766,-0.997960642680008,0.987169006329197,-1.9483869308243,0.961384861832166,1.9483869308243,-0.948553868161363,1.15960947226698,-1.4201981683213,0.519652025196695,1.4201981683213,-0.679261497463673,1.124581710748,-0.205448467233363,0.449420133165451,0.205448467233363,-0.574001843913454
