SR_44100:1.00325818433484,-1.98882657616557,0.985600689808906,1.98882657616557,-0.988858874143744,1.12858021436303,-1.39101969471377,0.431749035420183,1.39101969471377,-0.560329249783217,0.932801237078837,-0.741237095514595,0.607018705054446,0.741237095514595,-0.539819942133283,1.18225197252536,0.726727926468082,-0.0658174802030512,-0.726727926468082,-0.116434492322306
SR_48000:1.00299481148755,-1.98973218343013,0.986764647072917,1.98973218343013,-0.989759458560466,1.12018922233667,-1.44305915595346,0.46883241824378,1.44305915595346,-0.589021640580447,0.937125585295404,-0.871930405984135,0.632307681935402,0.871930405984135,-0.569433267230806,1.16767880103555,0.593542931495158,0.0194070619547668,-0.593542931495158,-0.187085862990317
