SR_44100:0.94800012118229,-1.86074331507498,0.913113420053188,1.86074331507498,-0.861113541235477,1.21113175471695,-1.62108445116896,0.50957245914897,1.62108445116896,-0.720704213865925,0.681299844003282,-0.708379019306405,0.497443345909804,0.708379019306405,-0.178743189913086,1.17342166121156,0.833981830611648,0.38092435135251,-0.833981830611648,-0.554346012564073
SR_48000:0.951954288839414,-1.87136044281067,0.919720437455444,1.87136044281067,-0.871674726294858,1.19611951681591,-1.6553739382336,0.544443646225252,1.6553739382336,-0.740563163041165,0.697314032992294,-0.804408535366886,0.522696039028563,0.804408535366886,-0.220010072020857,1.16106604610414,0.606973088496209,0.425031070107417,-0.606973088496209,-0.586097116211557
