SR_44100:1.00434118205195,-1.98874524419008,0.984502973412138,1.98874524419008,-0.988844155464086,1.11270033216854,-1.4878425455553,0.501929027101932,1.4878425455553,-0.614629359270472,0.934222415339366,-1.63345203091604,0.82802000607612,1.63345203091604,-0.762242421415485,0.940860979062853,-1.08413779349616,0.738639371085843,1.08413779349616,-0.679500350148697,0.904639845182405,-0.227624927148542,0.659586067355168,0.227624927148542,-0.564225912537573
SR_48000:1.00399026783217,-1.98966239558877,0.985755656881516,1.98966239558877,-0.989745924713682,1.10513160626747,-1.53154809127108,0.535378464211899,1.53154809127108,-0.64051007047937,0.938981381784835,-1.66945897275579,0.840462649335194,1.66945897275579,-0.779444031120029,0.944961468561484,-1.18744583509593,0.75676118807292,1.18744583509593,-0.701722656634404,0.91086822387949,-0.412218033381832,0.681819954142913,0.412218033381832,-0.592688178022404
