SR_44100:1.0024717836058,-1.99149738085557,0.989076130995837,1.99149738085557,-0.991547914601638,0.995183572349656,-1.95237103292039,0.95798036686303,1.95237103292039,-0.953163939212686,1.02659968952726,-1.66801873513655,0.844443856089477,1.66801873513655,-0.87104354561674,0.86101239749747,-0.426114148739013,0.636607407261871,0.426114148739013,-0.497619804759341,1.18300900450623,0.894525967085612,0.191204931080301,-0.894525967085612,-0.374213935586535
SR_48000:1.00227173075978,-1.9921893105566,0.98996025009052,1.9921893105566,-0.992231980850303,0.99556648556718,-1.95621689978389,0.96132099068046,1.95621689978389,-0.956887476247641,1.02456572964193,-1.70813037505983,0.85633854216492,1.70813037505983,-0.88090427180685,0.86972570891029,-0.585166848407003,0.659388955893748,0.585166848407003,-0.529114664804038,1.16917014537418,0.710767457110678,0.252364768847175,-0.710767457110678,-0.421534914221356
