SR_44100:0.95614580288932,-1.87138242227471,0.915582837347453,1.87138242227471,-0.871728640236774,1.2049542270185,-1.70561319741132,0.605473239542346,1.70561319741132,-0.810427466560847,0.642999016713762,-0.529946364703772,0.312790746182549,0.529946364703772,0.0442102371036888,0.711307003293432,-0.46167211616449,0.393779829294038,0.46167211616449,-0.105086832587471,1.42931975605339,0.198295886649537,0.00275431101165383,-0.198295886649537,-0.432074067065044
SR_48000:0.959498124350548,-1.88124023937558,0.922035890525963,1.88124023937558,-0.881534014876511,1.18971456678748,-1.73522486803766,0.634808832512956,1.73522486803766,-0.824523399300435,0.658148504691456,-0.619156642918664,0.34195276202081,0.619156642918664,-0.000101266712265424,0.725231662487671,-0.57412579100808,0.423019919528489,0.57412579100808,-0.148251582016161,1.40078593007803,-8.99975491168155E-17,0.0690341281946567,8.99975491168155E-17,-0.469820058272688
