SR_44100:1.00074048432775,-1.99640199453132,0.995669615371506,1.99640199453132,-0.99641009969926,0.977989752899979,-1.86166063980532,0.902727303674313,1.86166063980532,-0.880717056574291,1.08547315676086,-1.77127453213104,0.776524585750174,1.77127453213104,-0.861997742511038,0.907141606601933,-1.32663044048296,0.668516783176568,1.32663044048296,-0.5756583897785,1.28046485179674,0.177137402882176,-0.00119534570176756,-0.177137402882176,-0.279269506094968
SR_48000:1.00068041918601,-1.99669445554129,0.996020878938845,1.99669445554129,-0.996701298124853,0.979680020823014,-1.87370917878113,0.910197320600488,1.87370917878113,-0.889877341423503,1.07896342977853,-1.79539776020677,0.793544712175364,1.79539776020677,-0.872508141953895,0.91321614953442,-1.38860042731943,0.690201511484984,1.38860042731943,-0.603417661019404,1.26306673106784,-8.10676361342104E-17,0.060911964309217,8.10676361342104E-17,-0.323978695377059
