SR_44100:0.981861482057214,-1.92707763206765,0.945411758863679,1.92707763206765,-0.927273240920893,0.993169519073782,-1.95005348903178,0.960055049783652,1.95005348903178,-0.953224568857434,1.01504738274472,-1.93590289397599,0.933499179469834,1.93590289397599,-0.94854656221455,0.984915416946156,-1.81656740583743,0.868398594983267,1.81656740583743,-0.853314011929423,1.94076672135153,0.0712840600109477,-1.83125671017613,-0.0712840600109477,0.8904899888246
SR_48000:0.983285902951228,-1.93281888219027,0.949698582709339,1.93281888219027,-0.932984485660568,0.993712568552973,-1.95426147245337,0.963230826811009,1.95426147245337,-0.956943395363982,1.01385361547443,-1.94193185954324,0.93877494764448,1.94193185954324,-0.952628563118907,0.986058498563174,-1.83320955694038,0.878371104419654,1.83320955694038,-0.864429602982828,1.89318029774612,0.10256795187302,-1.68804439400008,-0.10256795187302,0.794864096253959
