SR_44100:0.963789224954631,-1.89376038958046,0.93029604717047,1.89376038958046,-0.894085272125101,1.18835803778458,-1.68029734685431,0.604471036283327,1.68029734685431,-0.79282907406791,0.667912875615422,-0.675139191976852,0.360748693603093,0.675139191976852,-0.028661569218515,0.740121284167337,-0.373393231451978,0.320529323166301,0.373393231451978,-0.0606506073336376,1.32673504505269,0.307168416766292,0.145728877811639,-0.307168416766292,-0.472463922864327
SR_48000:0.966587727979125,-1.90199533498018,0.935683027221801,1.90199533498018,-0.902270755200925,1.17447458083851,-1.71214359789933,0.6336246068093,1.71214359789933,-0.808099187647806,0.682823462436621,-0.758212428083521,0.38945083651893,0.758212428083521,-0.0722742989555507,0.752403448718264,-0.488749052140828,0.352641882417881,0.488749052140828,-0.105045331136145,1.3048020486869,0.0986198249536744,0.203074196907513,-0.0986198249536744,-0.507876245594418
