SR_44100:0.974516118216962,-1.92530261022811,0.950944786696981,1.92530261022811,-0.925460904913943,1.07340527603656,-1.54894161962695,0.570722745796286,1.54894161962695,-0.644128021832846,0.804320070477703,-0.885901305950387,0.545464741870891,0.885901305950387,-0.349784812348595,0.875040798334075,-0.325577502498972,0.269233141335514,0.325577502498972,-0.144273939669589,1.0690112297163,0.203123860814089,0.397930008394684,-0.203123860814089,-0.466941238110985
SR_48000:0.976515618470726,-1.93117532143452,0.954793725892467,1.93117532143452,-0.931309344363193,1.06840233955851,-1.58672602544438,0.599980136411984,1.58672602544438,-0.66838247597049,0.815468365989013,-0.980636143374449,0.57136056772438,0.980636143374449,-0.386828933713393,0.881456204565456,-0.454707102967697,0.306750716642186,0.454707102967697,-0.188206921207643,1.06458600075131,-9.19142219035521E-17,0.436536733369071,9.19142219035521E-17,-0.501122734120385
