SR_44100:1.00182776800535,-1.99112071257095,0.989311133027206,1.99112071257095,-0.991138901032552,0.986571144783582,-1.90701424483417,0.921467469292917,1.90701424483417,-0.9080386140765,0.942969245231494,-1.69840170181022,0.85088919106463,1.69840170181022,-0.793858436296125,0.919667135187045,-0.922376535092801,0.644974709806163,0.922376535092801,-0.564641844993208,0.882019317095372,-0.00424599646888448,0.310043823264786,0.00424599646888448,-0.192063140360158
SR_48000:1.00167986630942,-1.99184057646058,0.990176068592443,1.99184057646058,-0.99185593490186,0.987616084874359,-1.91432648277003,0.92757832449565,1.91432648277003,-0.915194409370009,0.947162974180061,-1.72764727323178,0.861853982228884,1.72764727323178,-0.809016956408945,0.924899758563549,-1.0345705261578,0.6680999106445,1.0345705261578,-0.592999669208049,0.888397602926349,-0.161296687355327,0.347344316851715,0.161296687355327,-0.235741919778064
