SR_44100:0.982250690902737,-1.92833263084553,0.94658309085336,1.92833263084553,-0.928833781756097,0.986726384293965,-1.88126703897952,0.922375316716962,1.88126703897952,-0.909101701010927,1.05343723648201,-1.78304417923252,0.839179542675992,1.78304417923252,-0.892616779158002,1.34038269985579,-0.440939375537468,0.2093418128301,0.440939375537468,-0.549724512685886,1.22400658202249,0.175571332306679,-0.954285433142482,-0.175571332306679,0.730278851119991
SR_48000:0.983645603908749,-1.93400246226957,0.950781110105901,1.93400246226957,-0.93442671401465,0.987759826392735,-1.89258741733211,0.928418931161208,1.89258741733211,-0.916178757553942,1.04930791323346,-1.80787734923266,0.851606825540694,1.80787734923266,-0.900914738774158,1.3177448160596,-0.604513940473836,0.261926236689592,0.604513940473836,-0.579671052749193,1.20816090680612,0.196058411711251,-0.816044083383618,-0.196058411711251,0.607883176577497
