SR_44100:1.0014855801704,-1.9949019429714,0.993434585803336,1.9949019429714,-0.994920165973734,0.991378192455337,-1.94016953512391,0.949579293630031,1.94016953512391,-0.940957486085367,1.01448709423531,-1.83925157956234,0.873611226165768,1.83925157956234,-0.888098320401074,1.09781093079341,-1.2604973424108,0.567731660386886,1.2604973424108,-0.665542591180299,0.898204728399093,-0.412089237070974,0.550123154145946,0.412089237070974,-0.44832788254504
SR_48000:1.00136515840656,-1.99531655424857,0.993966781085429,1.99531655424857,-0.995331939491994,0.992059702604988,-1.94495778037695,0.953564794694132,1.94495778037695,-0.94562449729912,1.01337032285114,-1.85527654032301,0.883354199021823,1.85527654032301,-0.896724521872964,1.09105295220762,-1.33969691979749,0.597598058331643,1.33969691979749,-0.68865101053926,0.904434670025027,-0.567171518241501,0.577655930909076,0.567171518241501,-0.482090600934103
