SR_44100:0.998730967893917,-1.99106506272332,0.992578644922955,1.99106506272332,-0.991309612816871,1.06830896516067,-1.48724481285681,0.698113465323648,1.48724481285681,-0.766422430484316,1.04551240914741,-1.10839712804472,0.798861197062994,1.10839712804472,-0.844373606210399,0.826363955479785,-0.370967842583849,0.477438768805468,0.370967842583849,-0.303802724285253
SR_48000:0.998833665114265,-1.99180638918006,0.993179222744412,1.99180638918006,-0.992012887858677,1.06334533763312,-1.54446554479381,0.720049858448491,1.54446554479381,-0.783395196081611,1.04207531936015,-1.22382923105891,0.814051166971108,1.22382923105891,-0.856126486331261,0.836073879647524,-0.513842386529863,0.506660984399698,0.513842386529863,-0.342734864047222
