SR_44100:1.00244704416361,-1.99161431636564,0.9891854651726,1.99161431636564,-0.991632509336215,0.995183572349656,-1.95237103292039,0.95798036686303,1.95237103292039,-0.953163939212686,1.03327695896499,-1.5191819776151,0.805394893336739,1.5191819776151,-0.83867185230173,0.80707832211933,-0.846371687135546,0.628635302118238,0.846371687135546,-0.435713624237567,1.16084293278613,0.501863401890036,0.05938351747205,-0.501863401890036,-0.22022645025818
SR_48000:1.00224898596352,-1.99229439309679,0.99006076907378,1.99229439309679,-0.9923097550373,0.99556648556718,-1.95621689978389,0.96132099068046,1.95621689978389,-0.956887476247641,1.03077187842299,-1.57808056316899,0.820044713549827,1.57808056316899,-0.850816591972821,0.818671364364438,-0.954443594300377,0.650951335641169,0.954443594300377,-0.469622700005607,1.15039980917928,0.328921521239286,0.120455359569982,-0.328921521239286,-0.270855168749258
