SR_44100:0.965759875367166,-1.89366756174081,0.92809990392317,1.89366756174081,-0.893859779290336,1.01228501580702,-1.94960193101746,0.945707260508178,1.94960193101746,-0.957992276315194,1.052070865882,-1.76688408075267,0.814118923516639,1.76688408075267,-0.866189789398643,1.10023493056854,-0.728835203694164,0.413821756513377,0.728835203694164,-0.514056687081914,1.19477177236838,0.184714696471549,0.139220228636721,-0.184714696471549,-0.333992001005103
SR_48000:0.968405767395635,-1.90189876843731,0.933655955283842,1.90189876843731,-0.902061722679477,1.01130608495354,-1.95424445751849,0.950033574665473,1.95424445751849,-0.961339659619008,1.04809799687351,-1.79199861553585,0.82830115681577,1.79199861553585,-0.87639915368928,1.09381328229268,-0.858461078269354,0.451375835568257,0.858461078269354,-0.545189117860936,1.1826581418812,-8.42170168877408E-17,0.192755543093944,8.42170168877408E-17,-0.375413684975148
