SR_44100:1.19755390732941,-1.46387492998229,0.541111771239894,1.46387492998229,-0.738665678569307,0.62786199626051,-0.123170004882555,0.218555466440945,0.123170004882555,0.153582537298545,1.43202323582831,0.465511384778835,-0.300182773933248,-0.465511384778835,-0.131840461895066
SR_48000:1.18336714823551,-1.52198131387959,0.574065494304407,1.52198131387959,-0.757432642539921,0.642934054374431,-0.231161385502019,0.250204954814224,0.231161385502019,0.106860990811345,1.40185939656767,0.308630145825327,-0.209404082071496,-0.308630145825327,-0.192455314496179
