SR_44100:0.980289280285431,-1.94229783339901,0.962057838433477,1.94229783339901,-0.942347118718908,0.820509448099649,-1.02206975555615,0.583070248752997,1.02206975555615,-0.403579696852646,0.902499757142398,-0.193877300248649,0.429814329459633,0.193877300248649,-0.332314086602031,1.09142575952117,0.532125806280549,0.202380445998395,-0.532125806280549,-0.293806205519562
SR_48000:0.981848279112123,-1.94686541374818,0.965058834146518,1.94686541374818,-0.946907113258642,0.831086728629524,-1.10615305714027,0.607639692066308,1.10615305714027,-0.438726420695833,0.908128181696056,-0.354804102446176,0.462729601608241,0.354804102446176,-0.370857783304296,1.0855574528766,0.346593478542678,0.253576915714356,-0.346593478542678,-0.339134368590955
