SR_44100:1.00122031353125,-1.9940757710799,0.992863553272384,1.9940757710799,-0.99408386680363,0.985090950552969,-1.93142789536558,0.946778104922668,1.93142789536558,-0.931869055475637,0.984892390501289,-1.79899938051871,0.868197706931792,1.79899938051871,-0.853090097433081,0.854162998215255,-0.767845954324557,0.561100557105334,0.767845954324557,-0.415263555320589,1.16084293278613,0.501863401890036,0.05938351747205,-0.501863401890036,-0.22022645025818
SR_48000:1.00112143250574,-1.99455641106921,0.993441813820048,1.99455641106921,-0.994563246325788,0.98626434604441,-1.93685778462524,0.950966858333914,1.93685778462524,-0.937231204378323,0.986037102966051,-1.81825416981592,0.878184444262558,1.81825416981592,-0.864221547228609,0.862854914461274,-0.882773453501627,0.587259057015361,0.882773453501627,-0.450113971476634,1.15039980917928,0.328921521239286,0.120455359569982,-0.328921521239286,-0.270855168749258
