SR_44100:1.0029636371406,-1.98979334998069,0.986902419846231,1.98979334998069,-0.989866056986828,0.968754617757355,-1.71400899610883,0.817275642571147,1.71400899610883,-0.786030260328502,1.08085662330177,-1.45112013367066,0.642659997018112,1.45112013367066,-0.723516620319883,0.943730057610727,-1.0597469012387,0.670930923942887,1.0597469012387,-0.614660981553614,1.14270099358846,0.181140481850052,0.165478368758041,-0.181140481850052,-0.308179362346502
SR_48000:1.00272396225594,-1.99062421050041,0.987961645677106,1.99062421050041,-0.990685607933044,0.971043835686704,-1.74031524978044,0.830663088815411,1.74031524978044,-0.801706924502115,1.0751061498895,-1.50963811881433,0.668073798663245,1.50963811881433,-0.74317994855275,0.947499118577767,-1.1599886459914,0.692972556782077,1.1599886459914,-0.640471675359845,1.13398709830914,-8.26869337983887E-17,0.216437608214671,8.26869337983887E-17,-0.350424706523808
