SR_44100:0.956020291747521,-1.87067589456895,0.91534123460085,1.87067589456895,-0.871361526348371,1.08250047172689,-1.88554913045404,0.841190668179294,1.88554913045404,-0.923691139906182,0.955791761173764,-1.64100608337747,0.804624883541913,1.64100608337747,-0.760416644715678,0.957918443656216,-1.12685934184616,0.632870731636067,1.12685934184616,-0.590789175292283,1.16197486694781,-0.427638693485215,0.0527639171503433,0.427638693485215,-0.214738784098156
SR_48000:0.959381670195162,-1.88061160319851,0.921811722030711,1.88061160319851,-0.881193392225872,1.07602995778211,-1.89736344184917,0.853646087822327,1.89736344184917,-0.929676045604439,0.958988224128953,-1.67577114943988,0.818751420556399,1.67577114943988,-0.777739644685352,0.960701495423478,-1.21636569925917,0.657150721444118,1.21636569925917,-0.617852216867596,1.15301650689826,-0.556474053601141,0.105152797240176,0.556474053601141,-0.258169304138435
