SR_44100:0.984313474770441,-1.91421060182595,0.930674535450417,1.91421060182595,-0.914988010220858,0.961351661954616,-1.71003335637852,0.773982834321114,1.71003335637852,-0.73533449627573,1.18129763803641,-1.29678395445555,0.454381046246782,1.29678395445555,-0.635678684283191,0.927541986034275,-0.71282390243334,0.679777043991316,0.71282390243334,-0.607319030025592,1.13341039844056,-0.00549888962197201,0.410402385978453,0.00549888962197201,-0.543812784419009
SR_48000:0.985538157768929,-1.92096659829531,0.936086933451482,1.92096659829531,-0.921625091220411,0.964109656047069,-1.73262398414388,0.79011170400248,1.73262398414388,-0.754221360049549,1.168941325442,-1.36846891002489,0.491567621996068,1.36846891002489,-0.660508947438072,0.932378512681379,-0.853517204065704,0.701151723960917,0.853517204065704,-0.633530236642296,1.124581710748,-0.205448467233363,0.449420133165451,0.205448467233363,-0.574001843913454
