SR_44100:0.995568460985635,-1.97578304187245,0.980415133603869,1.97578304187245,-0.975983594589504,0.978149832761865,-1.83162018694753,0.872219269481297,1.83162018694753,-0.850369102243161,1.38659156497466,-1.30115777399744,0.188204746266732,1.30115777399744,-0.574796311241396,0.964187585790728,-1.50646109118985,0.84172962365039,1.50646109118985,-0.805917209441117
SR_48000:0.995924550024883,-1.97774394076349,0.981988843377425,1.97774394076349,-0.977913393402308,0.979803080162949,-1.84576359124634,0.881887532352533,1.84576359124634,-0.861690612515483,1.36094797410058,-1.3667831566671,0.242053167304125,1.3667831566671,-0.603001141404704,0.966838001523608,-1.56436111568647,0.853442944430011,1.56436111568647,-0.820280945953619
