SR_44100:1.00129410599151,-1.99370132906812,0.992432011747917,1.99370132906812,-0.993726117739431,0.981000579127673,-1.7558773764672,0.834244640877545,1.7558773764672,-0.815245220005218,0.983686947479737,-1.44371972368366,0.857681142122703,1.44371972368366,-0.84136808960244,1.0921349131174,-1.22966703620845,0.722718092503981,1.22966703620845,-0.814853005621379,1.32190459588098,0.763404521061397,-0.149125749951815,-0.763404521061397,-0.172778845929168
SR_48000:1.00118926287591,-1.99421347223691,0.993045138858397,1.99421347223691,-0.994234401734303,0.982413392940862,-1.77844878297092,0.846570356621827,1.77844878297092,-0.828983749562689,0.984916009235533,-1.51349794040054,0.868403762253317,1.51349794040054,-0.85331977148885,1.08527258749002,-1.32645075829735,0.743370401986213,1.32645075829735,-0.82864298947623,1.29497419499906,0.62099190702693,-0.0529903809451965,-0.62099190702693,-0.241983814053861
