SR_44100:0.978479594892055,-1.92823205242756,0.950011312275804,1.92823205242756,-0.928490907167859,1.0575032600263,-1.60768993656129,0.74586849821102,1.60768993656129,-0.803371758237316,0.970300823781401,-1.37137763909101,0.740897490884831,1.37137763909101,-0.711198314666232,1.08277441292138,-1.08952261931872,0.634184464397469,1.08952261931872,-0.716958877318848,0.841159449013846,-0.587059786651517,0.521966109535056,0.587059786651517,-0.363125558548902
SR_48000:0.980170576754243,-1.93389065032617,0.95393921065096,1.93389065032617,-0.934109787405203,1.05324825801349,-1.65093293729655,0.764673172087508,1.65093293729655,-0.817921430100999,0.972395274783115,-1.43974388086861,0.759169967729599,1.43974388086861,-0.731565242512715,1.07690103121775,-1.19570114036393,0.660141450353399,1.19570114036393,-0.73704248157115,0.850343242007553,-0.715783817424201,0.549604922588462,0.715783817424201,-0.399948164596015
