SR_44100:1.00161725691076,-1.98711256266757,0.985890675203305,1.98711256266757,-0.987507932114068,0.989970804403791,-1.92978301595492,0.941348826952597,1.92978301595492,-0.931319631356387,1.16353357165098,-1.40833859528366,0.416222568517745,1.40833859528366,-0.579756140168727,0.94412122412528,-0.675675994882548,0.67321848277204,0.675675994882548,-0.617339706897321
SR_48000:1.00148660861944,-1.98818318670521,0.987030481231747,1.98818318670521,-0.988517089851186,0.990759952834361,-1.93542303848778,0.945963801375768,1.93542303848778,-0.936723754210129,1.15273746505528,-1.45983984659121,0.454762198728344,1.45983984659121,-0.607499663783624,0.947874550365677,-0.821521324304787,0.695168098243896,0.821521324304787,-0.643042648609573
