SR_44100:1.00052387686001,-1.9974419759404,0.996936345285375,1.9974419759404,-0.997460222145389,1.0044066633564,-1.98386608225944,0.980525069776428,1.98386608225944,-0.984931733132827,0.992172094818279,-1.91431944240579,0.931707537651184,1.91431944240579,-0.923879632469463,1.06647381894266,-1.59162562510617,0.706223761403773,1.59162562510617,-0.772697580346429,1.36671239566526,-0.400591441308784,0.0412053604019597,0.400591441308784,-0.407917756067217
SR_48000:1.00048136152222,-1.99765093511329,0.997184976834151,1.99765093511329,-0.997666338356372,1.00405109875363,-1.98524747948998,0.982096461840851,1.98524747948998,-0.986147560594484,0.992785874725588,-1.92175231795388,0.937062296074706,1.92175231795388,-0.929848170800293,1.06162926100554,-1.63457326531024,0.727633935079129,1.63457326531024,-0.789263196084673,1.34381839351286,-0.552932283865884,0.101063294854486,0.552932283865884,-0.444881688367351
