SR_44100:1.00074048432775,-1.99640199453132,0.995669615371506,1.99640199453132,-0.99641009969926,0.99826192683779,-1.98789581698814,0.989835672379912,1.98789581698814,-0.988097599217702,1.0594240728523,-1.64684598506658,0.787869657173714,1.64684598506658,-0.847293730026013,1.07826243266697,-1.18065723380961,0.720621023178123,1.18065723380961,-0.798883455845096
SR_48000:1.00068041918601,-1.99669445554129,0.996020878938845,1.99669445554129,-0.996701298124853,0.99840237310639,-1.98888897384487,0.990657008281129,1.98888897384487,-0.989059381387519,1.05493097688837,-1.6880928195952,0.803908981666833,1.6880928195952,-0.858839958555198,1.07247948979945,-1.28251089088249,0.741264805977764,1.28251089088249,-0.813744295777212
