SR_44100:1.00099122573098,-1.99660246926931,0.995619349520173,1.99660246926931,-0.996610575251153,0.997425623080806,-1.98212710233338,0.984944931552242,1.98212710233338,-0.982370554633048,1.10984068021683,-1.2355557054251,0.357646913828587,1.2355557054251,-0.467487594045417,1.0637775965709,-1.13074286829619,0.718139521313349,1.13074286829619,-0.78191711788425,0.879005240913516,-0.410287838903469,0.635863795152522,0.410287838903469,-0.514869036066038
SR_48000:1.00091081402544,-1.99687869405176,0.995974723241261,1.99687869405176,-0.996885537266701,0.997633097084338,-1.98358569924739,0.98615824856927,1.98358569924739,-0.983791345653608,1.10303354907445,-1.29946147307743,0.397455313491146,1.29946147307743,-0.500488862565599,1.05910497786825,-1.2375891120836,0.738789821968446,1.2375891120836,-0.797894799836699,0.886675110065638,-0.572741554803635,0.658946423406976,0.572741554803635,-0.545621533472614
