SR_44100:1.00294608236586,-1.98558827746904,0.982771181896461,1.98558827746904,-0.98571726426232,0.953219699934562,-1.64143450282385,0.726426765932804,1.64143450282385,-0.679646465867366,1.0575032600263,-1.60768993656129,0.74586849821102,1.60768993656129,-0.803371758237316,1.03059820202743,-1.74653989694891,0.864773457544544,1.74653989694891,-0.895371659571973,1.14270099358846,0.181140481850052,0.165478368758041,-0.181140481850052,-0.308179362346502
SR_48000:1.00270828320822,-1.98676118359527,0.984161841736646,1.98676118359527,-0.98687012494487,0.956460813531899,-1.66914134098783,0.745380939539267,1.66914134098783,-0.701841753071167,1.05324825801349,-1.65093293729655,0.764673172087508,1.65093293729655,-0.817921430100999,1.02823092213022,-1.77703897548773,0.875235479961337,1.77703897548773,-0.903466402091552,1.13398709830914,-8.26869337983887E-17,0.216437608214671,8.26869337983887E-17,-0.350424706523808
