SR_44100:1.00107749083489,-1.99629736221372,0.995238107128025,1.99629736221372,-0.996315597962915,0.997302801824478,-1.98136656515897,0.984226667491113,1.98136656515897,-0.981529469315591,0.955503869149521,-1.71335329351521,0.80335256554741,1.71335329351521,-0.758856434696931,1.38982151922196,-0.899567155623994,-0.0192150236752787,0.899567155623994,-0.370606495546685
SR_48000:1.00099009285898,-1.99659905389272,0.995624356166103,1.99659905389272,-0.996614449025082,0.997520089484226,-1.98287985347563,0.9854973751975,1.98287985347563,-0.983017464681727,0.958718254200876,-1.73746065752775,0.817558307970627,1.73746065752775,-0.776276562171503,1.36647189234331,-0.995822768639297,0.0418341727863084,0.995822768639297,-0.408306065129618
