SR_44100:0.972306181862438,-1.91395825583706,0.941846351139869,1.91395825583706,-0.914152533002307,1.1070913134851,-1.67277018929472,0.677706499363964,1.67277018929472,-0.784797812849066,0.56101266348678,-0.396983719565028,0.154971067072158,0.396983719565028,0.284016269441062,1.24493947043528,0.563694313157967,0.125622136936487,-0.563694313157967,-0.370561607371763
SR_48000:0.974467331661181,-1.92068727041638,0.946384502791835,1.92068727041638,-0.920851834453015,1.09923636650802,-1.70502581007209,0.701346123122123,1.70502581007209,-0.800582489630141,0.575856292191281,-0.470140323442223,0.183544318921678,0.470140323442223,0.240599388887041,1.22834812039152,0.365762448351088,0.18484946020463,-0.365762448351088,-0.413197580596151
