SR_44100:1.00183861561389,-1.99628702862329,0.994466648664198,1.99628702862329,-0.996305264278091,1.16196680487774,-1.24884568727957,0.576526710999561,1.24884568727957,-0.738493515877299,0.896696903806025,-0.367773499654964,0.395878990185871,0.367773499654964,-0.292575893991897
SR_48000:1.0016894815967,-1.99658955708003,0.99491547054247,1.99658955708003,-0.99660495213917,1.15033526474019,-1.33624120161581,0.6069381682232,1.33624120161581,-0.757273432963388,0.902491225466142,-0.509832169258358,0.429764435844968,0.509832169258358,-0.33225566131111
