SR_44100:1.00163364009364,-1.99440578870328,0.992780245673213,1.99440578870328,-0.994413885766852,0.993851127481461,-1.97170092119912,0.978049932077276,1.97170092119912,-0.971901059558737,1.00603031168767,-1.96831497017191,0.964734474372286,1.96831497017191,-0.970764786059959,1.11917281399691,-1.44922834408031,0.473324361443079,1.44922834408031,-0.592497175439991,0.935694797428019,-1.25892421740277,0.770445140961418,1.25892421740277,-0.706139938389437
SR_48000:1.00150124741658,-1.99485975666159,0.993365345541144,1.99485975666159,-0.994866592957724,0.994344271816163,-1.9739854857131,0.979810344512204,1.9739854857131,-0.974154616328368,1.00554692279504,-1.97103785718823,0.96756135368869,1.97103785718823,-0.973108276483729,1.1112621717427,-1.49626636672904,0.508284873164653,1.49626636672904,-0.619547044907354,0.94021480615045,-1.34197202784819,0.786580537844265,1.34197202784819,-0.726795343994716
