SR_44100:0.980500645772173,-1.92923624772932,0.949017604721684,1.92923624772932,-0.929518250493857,1.00905037710346,-1.97231227140724,0.967692224623565,1.97231227140724,-0.976742601727029,0.960244463414508,-1.76267632249041,0.824303279287511,1.76267632249041,-0.784547742702019,1.12565414213151,-1.33865916246159,0.621841286477297,1.33865916246159,-0.747495428608808,1.23059902404861,0.320549108637207,0.306007515593526,-0.320549108637207,-0.536606539642132
SR_48000:0.98203357851517,-1.93482041729364,0.953025562222504,1.93482041729364,-0.935059140737674,1.00832288049336,-1.97486869795808,0.970289221057806,1.97486869795808,-0.97861210155117,0.963154413356934,-1.78168721145923,0.837163592749066,1.78168721145923,-0.800318006106,1.11659834137746,-1.41476844511373,0.649094904264824,1.41476844511373,-0.765693245642279,1.21498627251323,0.102550843274935,0.352994411011492,-0.102550843274935,-0.567980683524722
