SR_44100:1.00319378423172,-1.99575686953272,0.99258131611291,1.99575686953272,-0.995775100344631,1.05273799896299,-1.65596015448205,0.766928225083547,1.65596015448205,-0.81966622404654,0.829938434949104,-0.297526242034708,0.392919125797932,0.297526242034708,-0.222857560747036
SR_48000:1.00293479274773,-1.99610231610419,0.993182914658636,1.99610231610419,-0.996117707406367,1.04880439420394,-1.69357918574613,0.784312507025218,1.69357918574613,-0.833116901229158,0.839029029344437,-0.437630232888641,0.425370467703925,0.437630232888641,-0.264399497048362
