SR_44100:0.980674008525377,-1.92994898171155,0.949470873497006,1.92994898171155,-0.930144882022383,1.01584857701668,-1.49134595880706,0.724377979575199,1.49134595880706,-0.740226556591878,1.10146586177652,-1.34813999624721,0.637790090603227,1.34813999624721,-0.739255952379751,0.978110679736538,-0.847476063287648,0.619323635781823,0.847476063287648,-0.59743431551836
SR_48000:0.982193759720642,-1.93547229584622,0.953444366939733,1.93547229584622,-0.935638126660376,1.01471317035024,-1.54569602369251,0.744123795182382,1.54569602369251,-0.758836965532622,1.09418693803424,-1.42222042222105,0.663774182819425,1.42222042222105,-0.757961120853669,0.979566503606934,-0.971803793597862,0.644641815206956,0.971803793597862,-0.62420831881389
