SR_44100:1.00110973082678,-1.99460175631528,0.993510245748687,1.99460175631528,-0.994619976575471,0.96841360224989,-1.85621978381141,0.904940089237197,1.85621978381141,-0.873353691487087,1.17976997111922,-1.37974940574573,0.458978591113155,1.37974940574573,-0.638748562232376,0.883089580293767,-0.817722438049093,0.694329711641887,0.817722438049093,-0.577419291935653,1.28241634388233,0.52408449047575,-0.00816172591217157,-0.52408449047575,-0.274254617970158
SR_48000:1.00101978801054,-1.99504064015352,0.994036235258916,1.99504064015352,-0.99505602326946,0.970830439585799,-1.86850301860581,0.912213610684538,1.86850301860581,-0.883044050270337,1.16750640494802,-1.44054011777424,0.495886044602808,1.44054011777424,-0.66339244955083,0.890748210182173,-0.943455244923259,0.714353723293712,0.943455244923259,-0.605101933475885,1.263322765756,0.342500611537027,0.0599979790576541,-0.342500611537027,-0.323320744813657
