SR_44100:1.0024717836058,-1.99149738085557,0.989076130995837,1.99149738085557,-0.991547914601638,1.0592210677302,-1.63894529971338,0.821772984110202,1.63894529971338,-0.880994051840398,1.11564896369138,-1.15064266044968,0.697627874669436,1.15064266044968,-0.813276838360819,0.829456796060744,-0.208574204239908,0.603853602084101,0.208574204239908,-0.433310398144845,1.22008569649619,0.513053050196759,0.0273471704513328,-0.513053050196759,-0.247432866947519
SR_48000:1.00227173075978,-1.9921893105566,0.98996025009052,1.9921893105566,-0.992231980850303,1.05466979169992,-1.68412701301093,0.83547014251103,1.68412701301093,-0.890139934210951,1.1070380160401,-1.25774757751861,0.72014178624565,1.25774757751861,-0.827179802285751,0.83976039771011,-0.379829301585926,0.627787330222633,0.379829301585926,-0.467547727932743,1.20549860336962,0.335769150783034,0.0918137742802995,-0.335769150783034,-0.297312377649923
