SR_44100:1.00186645179307,-1.99518542037644,0.993337194175213,1.99518542037644,-0.995203645968284,0.97633311548055,-1.90433374477971,0.928774026457493,1.90433374477971,-0.905107141938043,0.841989363530231,-1.52902796958895,0.717968693388029,1.52902796958895,-0.55995805691826,1.47472335021158,-1.37019047973137,0.15267193569593,1.37019047973137,-0.627395285907507,0.94412122412528,-0.675675994882548,0.67321848277204,0.675675994882548,-0.617339706897321
SR_48000:1.0017151366564,-1.99557710399357,0.993877354589618,1.99557710399357,-0.995592491246015,0.97817205039252,-1.91182502985583,0.934308338727396,1.91182502985583,-0.912480389119916,0.85220439882245,-1.56180778553396,0.736201388445258,1.56180778553396,-0.588405787267708,1.44231647276867,-1.43139368505098,0.210514585992355,1.43139368505098,-0.652831058761028,0.947874550365677,-0.821521324304787,0.695168098243896,0.821521324304787,-0.643042648609573
