SR_44100:1.00110973082678,-1.99460175631528,0.993510245748687,1.99460175631528,-0.994619976575471,1.02311333271773,-1.85051229196827,0.864832222691711,1.85051229196827,-0.887945555409439,0.948081917567238,-1.72168221323524,0.879402046710902,1.72168221323524,-0.82748396427814,0.918148467397309,-1.45491141354033,0.809871111510248,1.45491141354033,-0.728019578907558,0.899268200913302,-0.438081072480877,0.640410526439656,0.438081072480877,-0.539678727352958
SR_48000:1.00101978801054,-1.99504064015352,0.994036235258916,1.99504064015352,-0.99505602326946,1.02133164155142,-1.86482480965281,0.875251630301222,1.86482480965281,-0.896583271852637,0.951965001123401,-1.75031192629093,0.888421870005231,1.75031192629093,-0.840386871128632,0.923965029254826,-1.5132470171935,0.823382116199307,1.5132470171935,-0.747347145454134,0.905749146064111,-0.600543259653855,0.663546017675617,0.600543259653855,-0.569295163739727
