SR_44100:0.966966668261406,-1.90318595308562,0.936412468542188,1.90318595308562,-0.903379136803594,1.08798718602218,-1.4897070002309,0.485447100534019,1.4897070002309,-0.573434286556199,0.674895567197646,-0.561851584432412,0.317320243306671,0.561851584432412,0.00778418949568369,0.94876035223014,-0.468129142137604,0.552973415638584,0.468129142137604,-0.501733767868724,1.19141481234283,0.553374821896674,0.154056070854153,-0.553374821896674,-0.345470883196987
SR_48000:0.96953112344355,-1.91071633177564,0.94134891806103,1.91071633177564,-0.91088004150458,1.08221826249201,-1.5293711158441,0.519184016822021,1.5293711158441,-0.60140227931403,0.689169306427508,-0.652267090007822,0.347293359146867,0.652267090007822,-0.0364626655743746,0.952000692318394,-0.623626349697227,0.581242894935699,0.623626349697227,-0.533243587254093,1.17867059661523,0.359512286041481,0.210378211207525,-0.359512286041481,-0.38904880782276
