SR_44100:1.00151296758929,-1.99481841793539,0.993313549084902,1.99481841793539,-0.99482651667419,1.01478604324358,-1.94864879915021,0.934654150507483,1.94864879915021,-0.949440193751061,1.17623459772531,-1.08021906894422,0.469618369729177,1.08021906894422,-0.645852967454482,0.890061509983732,-0.204337543363309,0.514134788889,0.204337543363309,-0.404196298872731
SR_48000:1.00139033109408,-1.99523902571045,0.993855532212239,1.99523902571045,-0.99524586330632,1.01361255279489,-1.95278346002302,0.939840306734513,1.95278346002302,-0.953452859529405,1.16414292690246,-1.1809754000296,0.506008500648385,1.1809754000296,-0.670151427550847,0.896646250449362,-0.372668838730394,0.543235573482013,0.372668838730394,-0.439881823931375
