SR_44100:0.986392462122844,-1.96016679149071,0.973806161919294,1.96016679149071,-0.960198624042138,0.969208347593275,-1.89691355310542,0.928475589146624,1.89691355310542,-0.897683936739899,1.24574417604516,-1.57409801843228,0.483967127531291,1.57409801843228,-0.729711303576446,0.855446244717159,-0.481051102631437,0.564962513727382,0.481051102631437,-0.420408758444541,1.36930716450238,0.209288512158473,0.142154600342443,-0.209288512158473,-0.51146176484482
SR_48000:0.987477833469495,-1.96334636816899,0.975895448134644,1.96334636816899,-0.963373281604139,0.971592272175372,-1.90495235880398,0.934013089992669,1.90495235880398,-0.905605362168041,1.22817350507211,-1.61589939721224,0.520863398927601,1.61589939721224,-0.749036903999708,0.864112655783855,-0.626461197809417,0.591044255278016,0.626461197809417,-0.455156911061871,1.34431488190555,-9.45716231317524E-17,0.200207941066341,9.45716231317524E-17,-0.544522822971887
