SR_44100:0.994371651170185,-1.96925569890543,0.975125919120777,1.96925569890543,-0.969497570290962,1.01485936916255,-1.96652906550647,0.955280424258605,1.96652906550647,-0.970139793421159,1.06773172646633,-1.16719615203636,0.603901911008908,1.16719615203636,-0.671633637475242,1.08328553924039,-0.531432502652668,0.273397617787136,0.531432502652668,-0.356683157027523,1.05923847079468,0.423224465495979,-0.0302140684380239,-0.423224465495979,-0.0290244023566589
SR_48000:0.994822544261044,-1.97173673483392,0.977118608548712,1.97173673483392,-0.971941152809755,1.01366857534866,-1.96948104965574,0.958864142623098,1.96948104965574,-0.972532717971762,1.06303908449165,-1.25917253129656,0.631344685842311,1.25917253129656,-0.694383770333957,1.07836975374851,-0.665471290391642,0.316284071803347,0.665471290391642,-0.394653825551852,1.05558800242989,0.281817471260695,0.0332710927308416,-0.281817471260695,-0.0888590951607316
