SR_44100:0.968989713920446,-1.90910266110393,0.940306731479477,1.90910266110393,-0.909296445399923,1.13025528113595,-1.56074835821235,0.535018451007518,1.56074835821235,-0.665273732143473,0.961675836111625,-1.24660475335745,0.665651095837458,1.24660475335745,-0.627326931949083,0.872028965219083,-0.190116521904096,0.434441260556491,0.190116521904096,-0.306470225775573,1.21599993644649,0.20007596000771,0.228929651410155,-0.20007596000771,-0.444929587856649
SR_48000:0.971404010491136,-1.91619396453034,0.944954133090436,1.91619396453034,-0.916358143581572,1.12126694846798,-1.59877002343968,0.567104741946107,1.59877002343968,-0.688371690414084,0.96426070894954,-1.32404214735535,0.688202126651171,1.32404214735535,-0.652462835600712,0.879281207693217,-0.348311742242568,0.466492022034131,0.348311742242568,-0.345773229727349,1.20198416608379,-9.06788498220426E-17,0.27896274455416,9.06788498220426E-17,-0.480946910637948
