SR_44100:1.00099122573098,-1.99660246926931,0.995619349520173,1.99660246926931,-0.996610575251153,0.996391818684823,-1.9802829070739,0.984053903449413,1.9802829070739,-0.980445722134236,1.0807726179721,-1.67235857431428,0.756913152387606,1.67235857431428,-0.837685770359702,0.925560498413367,-1.28773542433737,0.775972795820687,1.28773542433737,-0.701533294234054,0.909462066536339,-0.392645874374496,0.470530218301996,0.392645874374496,-0.379992284838335
SR_48000:1.00091081402544,-1.99687869405176,0.995974723241261,1.99687869405176,-0.996885537266701,0.996682349433199,-1.98188269052439,0.985337883094512,1.98188269052439,-0.982020232527711,1.07469280678128,-1.70908777329744,0.775210468650969,1.70908777329744,-0.849903275432245,0.930778770165211,-1.36651627002886,0.791677291502366,1.36651627002886,-0.722456061667577,0.914803458134498,-0.542098010363705,0.501766909214276,0.542098010363705,-0.416570367348774
