SR_44100:1.00161499439727,-1.9944452541541,0.992862648980741,1.9944452541541,-0.994477643378012,1.06831426407319,-1.5747337852558,0.698090047162724,1.5747337852558,-0.766404311235914,1.19477177236838,0.184714696471549,0.139220228636721,-0.184714696471549,-0.333992001005103
SR_48000:1.00148410891956,-1.99489785086865,0.993441087890096,1.99489785086865,-0.994925196809653,1.06335106792196,-1.61956037911641,0.720024533851116,1.61956037911641,-0.783375601773073,1.1826581418812,-8.42170168877408E-17,0.192755543093944,8.42170168877408E-17,-0.375413684975148
