SR_44100:1.000288255556,-1.99859441042976,0.998314268942664,1.99859441042976,-0.99860252449866,0.993656968685817,-1.96528724694145,0.971967431532911,1.96528724694145,-0.965624400218728,0.968754617757355,-1.71400899610883,0.817275642571147,1.71400899610883,-0.786030260328502,1.07827896730284,-1.1479055587572,0.542221186813191,1.1479055587572,-0.620500154116034
SR_48000:1.00026484982671,-1.99870914700673,0.998451146667843,1.99870914700673,-0.998715996494555,0.994164198169682,-1.96808830287283,0.974209095578174,1.96808830287283,-0.968373293747856,0.971043835686704,-1.74031524978044,0.830663088815411,1.74031524978044,-0.801706924502115,1.07299701571267,-1.23760898475561,0.573110269967618,1.23760898475561,-0.646107285680287
