SR_44100:0.977592324351689,-1.93743783804742,0.960004806116711,1.93743783804742,-0.9375971304684,1.10778089725332,-1.57822369375844,0.67563118289423,1.57822369375844,-0.783412080147551,0.892863719977226,-1.16455354155345,0.751138418671623,1.16455354155345,-0.64400213864885,0.855643148573141,-0.635145634215794,0.664680588928073,0.635145634215794,-0.520323737501214,1.10483751203302,-0.00584689656845384,0.536678192426162,0.00584689656845384,-0.641515704459183
SR_48000:0.979360656746566,-1.94238693732193,0.963161081586475,1.94238693732193,-0.94252173833304,1.09987899698345,-1.62401367862756,0.699412113548391,1.62401367862756,-0.799291110531846,0.900140825707486,-1.25420629113007,0.768042048694445,1.25420629113007,-0.668182874401931,0.864794706313338,-0.775366498698787,0.685938291084236,0.775366498698787,-0.550732997397574,1.09760227417365,-0.217490061048037,0.568653803237802,0.217490061048037,-0.666256077411456
