SR_44100:1.00024568735422,-1.99596484421341,0.995727260252353,1.99596484421341,-0.995972947606572,0.984313474770441,-1.91421060182595,0.930674535450417,1.91421060182595,-0.914988010220858,1.01218699702782,-1.88250652294619,0.893677808258194,1.88250652294619,-0.905864805286016,1.0397333107948,-1.35086463372373,0.767637866385509,1.35086463372373,-0.807371177180312,0.746055585548509,-0.328965284008,0.410125043202238,0.328965284008,-0.156180628750746
SR_48000:1.00022576218378,-1.99629269913622,0.996073778159206,1.99629269913622,-0.996299540342984,0.985538157768929,-1.92096659829531,0.936086933451482,1.92096659829531,-0.921625091220411,1.01123951216702,-1.89338460341266,0.901943886178142,1.89338460341266,-0.913183398345166,1.03678730522918,-1.43057536762191,0.784866235357933,1.43057536762191,-0.82165354058711,0.758872270118474,-0.458748866325644,0.439896287721745,0.458748866325644,-0.198768557840219
