SR_44100:0.952568954843387,-1.74135898490013,0.790381923884682,1.74135898490013,-0.742950878728069,1.03050208193842,-1.678427190254,0.733892754960232,1.678427190254,-0.764394836898656,1.03181267776516,-1.55405237634798,0.813958073625459,1.55405237634798,-0.845770751390622,1.09501785608122,-1.18733616790727,0.714041816625892,1.18733616790727,-0.80905967270711,0.871784543683061,-0.621972462355104,0.664771920220244,0.621972462355104,-0.536556463903305
SR_48000:0.955964420072606,-1.75999441830481,0.805387937066877,1.75999441830481,-0.761352357139483,1.0282899510953,-1.70811995428464,0.753191898065278,1.70811995428464,-0.781481849160576,1.02940958280528,-1.60857382392917,0.828011477708506,1.60857382392917,-0.857421060513786,1.08796005925268,-1.28922710717292,0.735282400690291,1.28922710717292,-0.823242459942972,0.879996078213054,-0.765296968939901,0.686241538873165,0.765296968939901,-0.566237617086219
