SR_44100:1.00074048432775,-1.99640199453132,0.995669615371506,1.99640199453132,-0.99641009969926,0.994072904529348,-1.94191999082053,0.948290642915233,1.94191999082053,-0.942363547444581,1.0262075068341,-1.82449015661783,0.846737357575439,1.82449015661783,-0.872944864409539,0.979380275349387,-1.51508532132896,0.820108734501129,1.51508532132896,-0.799489009850515,0.752360600921115,-0.623761126096998,0.479987389733212,0.623761126096998,-0.232347990654327
SR_48000:1.00068041918601,-1.99669445554129,0.996020878938845,1.99669445554129,-0.996701298124853,0.994541721772312,-1.94654714733871,0.952380713396459,1.94654714733871,-0.946922435168772,1.02420182842604,-1.84152765743743,0.858466652338945,1.84152765743743,-0.882668480764981,0.980901692764672,-1.57121570983048,0.833381933286525,1.57121570983048,-0.814283626051197,0.765409313956804,-0.734588905127457,0.507388099602281,0.734588905127457,-0.272797413559084
