SR_44100:1.00049224450801,-1.99618968482102,0.995705544618995,1.99618968482102,-0.996197789127004,0.984313474770441,-1.91421060182595,0.930674535450417,1.91421060182595,-0.914988010220858,1.04258646318234,-1.21684004783138,0.628465807143345,1.21684004783138,-0.671052270325684,0.884634152736298,-0.615293512641349,0.588170322971273,0.615293512641349,-0.472804475707571
SR_48000:1.00045231949439,-1.99649933728736,0.996053859707867,1.99649933728736,-0.996506179202262,0.985538157768929,-1.92096659829531,0.936086933451482,1.92096659829531,-0.921625091220411,1.03963936279734,-1.30227687186529,0.654176995182593,1.30227687186529,-0.693816357979935,0.891769211813285,-0.752705031532193,0.6136408512511,0.752705031532193,-0.505410063064386
