SR_44100:0.995523106723685,-1.98197738333301,0.986526698020206,1.98197738333301,-0.982049804743891,1.0021661811603,-1.99397796282052,0.992267228917472,1.99397796282052,-0.994433410077772,0.989280663323922,-1.92483389452486,0.937312851832337,1.92483389452486,-0.926593515156259,1.10493587278264,-1.5949928355831,0.684193342290819,1.5949928355831,-0.789129215073464,1.04768245413465,-1.47215939271577,0.789270840076177,1.47215939271577,-0.836953294210826
SR_48000:0.995883853901311,-1.98343505224369,0.987612374037596,1.98343505224369,-0.983496227938906,1.00199062887187,-1.99450000630749,0.992893910417748,1.99450000630749,-0.994884539289623,0.990122222697577,-1.9308667735626,0.94223432773541,1.9308667735626,-0.932356550432988,1.09722115790824,-1.63886431613579,0.707410934664699,1.63886431613579,-0.80463209257294,1.04409529294765,-1.53756968157013,0.805124039689437,1.53756968157013,-0.849219332637091
