SR_44100:0.992362132606614,-1.97233184826431,0.980030273311448,1.97233184826431,-0.972392405918062,0.915148872147525,-1.55318270305314,0.802903499632669,1.55318270305314,-0.718052371780195,1.2155334547047,-1.52974398443159,0.585108748953899,1.52974398443159,-0.800642203658601,0.834981443022169,-0.794761646044092,0.56854769641064,0.794761646044092,-0.403529139432808,1.07593637027457,-0.495175044547178,0.664404699673447,0.495175044547178,-0.740341069948017
SR_48000:0.992974833736135,-1.97455588180996,0.981632222320001,1.97455588180996,-0.974607056056136,0.921146437589418,-1.59684202105298,0.816834948621495,1.59684202105298,-0.737981386210913,1.1995734850821,-1.58393307887622,0.615830901913646,1.58393307887622,-0.815404386995743,0.844730961334303,-0.905446946728401,0.594038478851683,0.905446946728401,-0.438769440185986,1.07047471887608,-0.673146583618751,0.688542073302561,0.673146583618751,-0.759016792178639
