SR_44100:1.00023227967166,-1.99819770542526,0.997973538211925,1.99819770542526,-0.998205817883588,0.993006716109491,-1.96185944042736,0.969093687267141,1.96185944042736,-0.962100403376632,1.08797357790346,-1.43194048339723,0.485526681405502,1.43194048339723,-0.573500259308963,0.799019749203733,-0.305680883882889,0.533152886974415,0.305680883882889,-0.332172636178148
SR_48000:1.00021342250263,-1.99834462679696,0.998138052532961,1.99834462679696,-0.998351475035592,0.993565022288121,-1.96492239185646,0.971561081073481,1.96492239185646,-0.965126103361603,1.08219901677818,-1.47958899088612,0.519296566595448,1.47958899088612,-0.60149558337363,0.810419787566055,-0.457333176186814,0.559633473881563,0.457333176186814,-0.370053261447618
