SR_44100:0.988877852551613,-1.93933846174143,0.950846473175879,1.93933846174143,-0.939724325727492,1.01090132526015,-1.91384587483022,0.936248574659296,1.91384587483022,-0.947149899919445,1.0594240728523,-1.64684598506658,0.787869657173714,1.64684598506658,-0.847293730026013,1.0557796937148,-1.15760792117419,0.800879256797554,1.15760792117419,-0.856658950512356,0.874851418746857,-0.552194298954993,0.446914889937064,0.552194298954993,-0.32176630868392
SR_48000:0.98975647832177,-1.94415946495598,0.954729496266712,1.94415946495598,-0.944485974588481,1.01003705437351,-1.92315488425057,0.941302868480381,1.92315488425057,-0.951339922853887,1.05493097688837,-1.6880928195952,0.803908981666833,1.6880928195952,-0.858839958555198,1.05154180812171,-1.26769388891724,0.816007538663331,1.26769388891724,-0.867549346785037,0.881939335874689,-0.680089381648797,0.478239427422906,0.680089381648797,-0.360178763297595
