SR_44100:0.982209087542749,-1.94792242353755,0.965753372548344,1.94792242353755,-0.947962460091093,0.997843236431625,-1.95854460261424,0.962491804048489,1.95854460261424,-0.960335040480113,0.987819716978629,-1.84685861913931,0.893736382809374,1.84685861913931,-0.881556099788003,1.10153607071146,-1.39209361596125,0.694425116235245,1.39209361596125,-0.795961186946706,1.34367134257708,-0.00550445095937563,0.201702786835629,0.00550445095937563,-0.545374129412708
SR_48000:0.983619983783285,-1.95205539535312,0.968469278100612,1.95205539535312,-0.952089261883897,0.998015281027105,-1.96198531966022,0.965483825285452,1.96198531966022,-0.963499106312557,0.98875554183841,-1.86121227120053,0.901900736173151,1.86121227120053,-0.890656278011562,1.09404390787235,-1.46514340193301,0.716972933702149,1.46514340193301,-0.811016841574497,1.32049405378075,-0.20571374577344,0.255540167968639,0.20571374577344,-0.576034221749389
