SR_44100:0.978691938183743,-1.93375131443923,0.955255662523765,1.93375131443923,-0.933947600707508,1.01515967532222,-1.91068865185122,0.911345557862894,1.91068865185122,-0.926505233185112,0.950678073784382,-1.67603508395216,0.782025311702876,1.67603508395216,-0.732703385487258,0.95479681616204,-1.07269886349686,0.735649810382013,1.07269886349686,-0.690446626544053
SR_48000:0.980370586000602,-1.93898507292747,0.958780618714945,1.93898507292747,-0.939151204715547,1.01396943085062,-1.91888193884064,0.918306159418921,1.91888193884064,-0.932275590269536,0.95419291648046,-1.70335077918237,0.797558904972163,1.70335077918237,-0.751751821452623,0.957950452247589,-1.17849253917263,0.754092411686151,1.17849253917263,-0.712042863933741
