SR_44100:0.985088507463704,-1.95038006998109,0.965362829363124,1.95038006998109,-0.950451336826828,1.0092139570938,-1.96529767047833,0.959279582538541,1.96529767047833,-0.968493539632337,0.994490634290067,-1.87943905668833,0.904186823420625,1.87943905668833,-0.898677457710692,0.897868570189813,-0.949382174884686,0.548637527234984,0.949382174884686,-0.446506097424798,1.11807583929699,0.708189457088102,-0.0301210377872556,-0.708189457088102,-0.0879548015097366
SR_48000:0.986272448363867,-1.95432511780812,0.968112947292843,1.95432511780812,-0.95438539565671,1.00847614412196,-1.96831522823993,0.962540293644092,1.96831522823993,-0.971016437766048,0.99491745116558,-1.8902164281354,0.911609580016162,1.8902164281354,-0.906527031181742,0.904078804135393,-1.04663259556127,0.57608320732911,1.04663259556127,-0.480162011464503,1.10885634164633,0.579584171008806,0.0503120003712809,-0.579584171008806,-0.159168342017612
