SR_44100:0.97183201524574,-1.92448483080283,0.952934123791496,1.92448483080283,-0.924766139037237,1.03643298794447,-1.92523941733153,0.904743461201185,1.92523941733153,-0.941176449145651,0.967320326693536,-1.79360438310314,0.90164985406545,1.79360438310314,-0.868970180758986,0.904356390407742,-1.30390721436791,0.777834176041733,1.30390721436791,-0.682190566449475,1.18255179427147,-1.0567971667646,0.57595943981747,1.0567971667646,-0.758511234088936
SR_48000:0.974041381993028,-1.93042895432277,0.956625753943038,1.93042895432277,-0.930667135936066,1.03355243217132,-1.93233971774354,0.912274871284409,1.93233971774354,-0.945827303455728,0.969815487957198,-1.81495007466507,0.909159092977054,1.81495007466507,-0.878974580934252,0.910989041323014,-1.37875093126104,0.793240833756773,1.37875093126104,-0.704229875079786,1.16929807853236,-1.17102712675811,0.606745842487122,1.17102712675811,-0.776043921019486
