SR_44100:0.985533753541037,-1.93358095169634,0.948358810269084,1.93358095169634,-0.933892563810121,0.973637087689804,-1.70526198532224,0.845828539576669,1.70526198532224,-0.819465627266473,1.2652353449023,-1.57543983848645,0.489435066036838,1.57543983848645,-0.754670410939136,0.831615926091262,-0.448691725192376,0.493244681895197,0.448691725192376,-0.324860607986458,1.05095415085037,0.479072311967996,0.113858235245431,-0.479072311967996,-0.164812386095799
SR_48000:0.986673390061547,-1.93883670023086,0.952427051878743,1.93883670023086,-0.939100441940289,0.975601503928856,-1.73564531252615,0.85731653137706,1.73564531252615,-0.832918035305916,1.24602563107385,-1.61920309229981,0.526412816026695,1.61920309229981,-0.772438447100549,0.841141982804352,-0.586810530122051,0.521913544619962,0.586810530122051,-0.363055527424314,1.04778672849209,0.31491276463604,0.168942761068077,-0.31491276463604,-0.216729489560166
