SR_44100:0.968989713920446,-1.90910266110393,0.940306731479477,1.90910266110393,-0.909296445399923,1.17998330409199,-1.69086038468788,0.581925658987621,1.69086038468788,-0.761908963079612,0.72011440408467,-0.792761478190027,0.599041257183904,0.792761478190027,-0.319155661268574,0.918766445231316,-0.443794925179155,0.640994175641822,0.443794925179155,-0.559760620873138,1.16916509904552,0.196838944582187,0.252387070731984,-0.196838944582187,-0.421552169777504
SR_48000:0.971404010491136,-1.91619396453034,0.944954133090436,1.91619396453034,-0.916358143581572,1.16692462722794,-1.71855943019586,0.612259015472966,1.71855943019586,-0.779183642700904,0.735639459274301,-0.894680587017979,0.621282153828217,0.894680587017979,-0.356921613102517,0.924056629074021,-0.6078659936702,0.664373760800502,0.6078659936702,-0.588430389874523,1.15835458352934,-8.93055172091336E-17,0.300163362754108,8.93055172091336E-17,-0.458517946283445
