SR_44100:1.00258012325298,-1.98739260599492,0.984911326741786,1.98739260599492,-0.987491449994762,0.96599371527045,-1.76873152447324,0.849711682352754,1.76873152447324,-0.815705397623203,1.02898483411359,-1.57176564972024,0.747129577270397,1.57176564972024,-0.776114411383987,0.929453700751031,-1.136683499577,0.748165853895513,1.136683499577,-0.677619554646543,1.20399706585847,0.139992609095433,-0.192983733944693,-0.139992609095433,-0.0110133319137728
SR_48000:1.00237169249189,-1.98841845450824,0.986130238918674,1.98841845450824,-0.988501931410568,0.968522617959904,-1.78943359206079,0.860887985018988,1.78943359206079,-0.829410602978892,1.02686985353739,-1.61783990673471,0.765581158889713,1.61783990673471,-0.792451012427101,0.934338269533546,-1.23309357292552,0.765602646775212,1.23309357292552,-0.699940916308758,1.19249006076356,-6.53204903139217E-17,-0.12569026652705,6.53204903139217E-17,-0.0667997942365097
