SR_44100:1.00052387686001,-1.9974419759404,0.996936345285375,1.9974419759404,-0.997460222145389,0.978598437747043,-1.91356055146435,0.935591560201146,1.91356055146435,-0.914189997948189,1.07459322881183,-1.49097311027805,0.563775546180334,1.49097311027805,-0.63836877499216,0.859250890742613,-0.736131532484522,0.497557885783514,0.736131532484522,-0.356808776526127,1.18225197252536,0.726727926468082,-0.0658174802030512,-0.726727926468082,-0.116434492322306
SR_48000:1.00048136152222,-1.99765093511329,0.997184976834151,1.99765093511329,-0.997666338356372,0.980268639251519,-1.92035352497391,0.940618065826365,1.92035352497391,-0.920886705077884,1.06952232406234,-1.53636800211921,0.593430418210305,1.53636800211921,-0.662952742272643,0.86735569481901,-0.848519607678724,0.526490181816792,0.848519607678724,-0.393845876635802,1.16767880103555,0.593542931495158,0.0194070619547668,-0.593542931495158,-0.187085862990317
