SR_44100:0.991204440094047,-1.95209333532616,0.961128658671653,1.95209333532616,-0.9523330987657,1.0102311743646,-1.94327662345788,0.940167646310219,1.94327662345788,-0.950398820674821,0.991102029099501,-1.90105797405309,0.922372035864439,1.90105797405309,-0.91347406496394,1.03666719024999,-1.72526907843443,0.785568672992372,1.72526907843443,-0.822235863242362,0.94412122412528,-0.675675994882548,0.67321848277204,0.675675994882548,-0.617339706897321
SR_48000:0.991903417553907,-1.95591837857023,0.964217739038746,1.95591837857023,-0.956121156592654,1.00941880132143,-1.94831267111605,0.944918439280315,1.94831267111605,-0.954337240601743,0.991796257870771,-1.90970571377167,0.928428648856401,1.90970571377167,-0.920224906727172,1.033929443925,-1.75294729903942,0.80157913284693,1.75294729903942,-0.835508576771934,0.947874550365677,-0.821521324304787,0.695168098243896,0.821521324304787,-0.643042648609573
