SR_44100:1.00099122573098,-1.99660246926931,0.995619349520173,1.99660246926931,-0.996610575251153,0.98435714823677,-1.93694737411365,0.952922517330004,1.93694737411365,-0.937279665566774,1.10723125160287,-1.75057196566492,0.750917813871842,1.75057196566492,-0.858149065474711,0.925192091570136,-1.34256487159029,0.669391855239509,1.34256487159029,-0.594583946809644,1.41181084781799,0.385251911788879,-0.819968279383119,-0.385251911788879,0.408157431565133
SR_48000:1.00091081402544,-1.99687869405176,0.995974723241261,1.99687869405176,-0.996885537266701,0.985591458686598,-1.94194745306324,0.95663719990136,1.94194745306324,-0.942228658587958,1.09907807192491,-1.77746233930767,0.769856432863286,1.77746233930767,-0.868934504788194,0.930140712247601,-1.40417587507009,0.69126192667499,1.40417587507009,-0.621402638922591,1.37407229255134,0.360443415357055,-0.653185461837228,-0.360443415357055,0.27911316928589
