SR_44100:1.00492278263292,-1.98296561878028,0.978244117935,1.98296561878028,-0.983166900567922,0.962175396816236,-1.7363061737087,0.832836899903302,1.7363061737087,-0.795012296719538,1.08814988493758,-1.62506442402803,0.734711116404897,1.62506442402803,-0.822861001342476,1.31691718793472,0.126881283078448,-0.400592607719285,-0.126881283078448,0.0836754197845681
SR_48000:1.00452589788011,-1.98435400030917,0.979998121416234,1.98435400030917,-0.984524019296347,0.964959024733753,-1.76008481612182,0.845138942305363,1.76008481612182,-0.810097967039116,1.08156193661337,-1.66744133490254,0.754537681775338,1.66744133490254,-0.836099618388707,1.29904338920252,-5.98491296909086E-17,-0.321600646004255,5.98491296909086E-17,0.0225572568017326
