SR_44100:1.00307469777684,-1.99208053302823,0.989024032480752,1.99208053302823,-0.992098730257592,0.995532153974378,-1.96895426409089,0.97387184167622,1.96895426409089,-0.969403995650598,0.970588139367301,-1.83368542374063,0.895006387484059,1.83368542374063,-0.86559452685136,1.87843137471933,-0.732330637087737,-0.844599016986506,0.732330637087737,-0.0338323577328223,0.935457910042813,-0.573338232560063,0.436919821332578,0.573338232560063,-0.372377731375391
SR_48000:1.00282578517869,-1.99272301343386,0.989912593500638,1.99272301343386,-0.992738378679327,0.995890063213615,-1.97147487990899,0.975964910509547,1.97147487990899,-0.971854973723162,0.972830127061626,-1.84874537691127,0.90300977054721,1.84874537691127,-0.875839897608837,1.83495084577818,-0.81323177545062,-0.753295196049422,0.81323177545062,-0.0816556497287612,0.939245072217213,-0.704602487845912,0.46995990347461,0.704602487845912,-0.409204975691823
