SR_44100:0.958170304211811,-1.84843592625154,0.890633399438339,1.84843592625154,-0.84880370365015,1.00843493371144,-1.92381069855244,0.926411679813328,1.92381069855244,-0.93484661352477,1.08990195713323,-1.71184259907784,0.791171177383274,1.71184259907784,-0.881073134516505,1.02997843712997,-1.27594695218198,0.824684792819779,1.27594695218198,-0.854663229949746,1.22008569649619,0.513053050196759,0.0273471704513328,-0.513053050196759,-0.247432866947519
SR_48000:0.961331765348445,-1.85991865924828,0.898899255806797,1.85991865924828,-0.860231021155242,1.00777007265738,-1.9306406103531,0.932212082021561,1.9306406103531,-0.939982154678939,1.08299128730755,-1.74633087554719,0.807223631514512,1.74633087554719,-0.890214918822063,1.0277038005681,-1.37001872597152,0.837986966591349,1.37001872597152,-0.865690767159452,1.20549860336962,0.335769150783034,0.0918137742802995,-0.335769150783034,-0.297312377649923
