SR_44100:1.00052387686001,-1.9974419759404,0.996936345285375,1.9974419759404,-0.997460222145389,0.985821979798028,-1.92253084702234,0.937341264396591,1.92253084702234,-0.923163244194619,0.890520330992262,-0.652155259722628,0.670518694516835,0.652155259722628,-0.561039025509097,1.24753558594537,0.0572678669958048,-1.15955792651157,-0.0572678669958048,0.912022340566197
SR_48000:1.00048136152222,-1.99765093511329,0.997184976834151,1.99765093511329,-0.997666338356372,0.98693322843184,-1.92865009223326,0.942252347421144,1.92865009223326,-0.929185575852984,0.897634629366401,-0.794781975252999,0.691929321139596,0.794781975252999,-0.589563950505997,1.2373754770497,0.0832283497982873,-1.07091877745312,-0.0832283497982873,0.833543300403425
