SR_44100:0.932616645618809,-1.78989101900504,0.858503153655557,1.78989101900504,-0.791119799274365,1.16322175907119,-1.52892934974424,0.620860225303497,1.52892934974424,-0.784081984374688,0.815243804058757,-0.556547372344559,0.516942289393759,0.556547372344559,-0.332186093452516,0.939598739339235,-0.360575529528706,0.733060993852375,0.360575529528706,-0.67265973319161,1.19459942044506,0.416515510571136,0.305324596726814,-0.416515510571136,-0.49992401717187
SR_48000:0.937562855858606,-1.80540633631876,0.868889593403402,1.80540633631876,-0.806452449262008,1.15124112835277,-1.5818097864446,0.648689441562111,1.5818097864446,-0.799930569914883,0.825704076959658,-0.684997732639268,0.544291388318878,0.684997732639268,-0.369995465278535,0.943778836764134,-0.544940655022413,0.751534632316145,0.544940655022413,-0.695313469080279,1.18154057449238,0.200159600649907,0.351941688687885,-0.200159600649907,-0.533482263180264
