SR_44100:0.969341036063515,-1.89774725199823,0.928783804650474,1.89774725199823,-0.898124840713989,1.15230192353415,-1.55003758044591,0.456316982299341,1.55003758044591,-0.608618905833491,0.825416692611976,-0.797569331631731,0.228441690549078,0.797569331631731,-0.053858383161054,0.714988182396199,-0.565122903569626,0.401509857557753,0.565122903569626,-0.116498039953952,1.3127561179968,0.236878777786187,0.397959925776736,-0.236878777786187,-0.710716043773538
SR_48000:0.971715156105851,-1.90569363758726,0.93429853101463,1.90569363758726,-0.90601368712048,1.14211549616988,-1.58449451702973,0.492680197158887,1.58449451702973,-0.634795693328767,0.833535063867375,-0.870987176905219,0.264320245578332,0.870987176905219,-0.0978553094457071,0.728808617201745,-0.669107335201199,0.430531089255883,0.669107335201199,-0.159339706457628,1.29011992144414,-1.06029688251087E-16,0.441533485712129,1.06029688251087E-16,-0.731653407156274
