SR_44100:1.00077117225118,-1.99733059614051,0.99659185997038,1.99733059614051,-0.997363032221556,0.995256471324393,-1.96717863109355,0.972259637521329,1.96717863109355,-0.967516108845722,0.990689570409777,-1.9303000099038,0.945552201888628,1.9303000099038,-0.936241772298404,1.03195138266466,-1.73827677492492,0.813146921326691,1.73827677492492,-0.845098303991346,1.13315139234371,-0.649396640239361,0.524679996676207,0.649396640239361,-0.657831389019916
SR_48000:1.00070859039842,-1.99754964405249,0.996868435945698,1.99754964405249,-0.997577026344117,0.995636130154639,-1.96983078586873,0.974479898911003,1.96983078586873,-0.970116029065642,0.991423881878463,-1.93624149153859,0.949846487368203,1.93624149153859,-0.941270369246665,1.02953884612372,-1.76591640052138,0.827255540187326,1.76591640052138,-0.856794386311044,1.12394502244867,-0.802337518249859,0.557544630624726,0.802337518249859,-0.681489653073393
