SR_44100:0.986839411686855,-1.95614225618672,0.969429918435429,1.95614225618672,-0.956269330122284,0.99631499320006,-1.97887191631597,0.983714378771863,1.97887191631597,-0.980029371971923,1.00735086516127,-1.97024785230847,0.967513382684245,1.97024785230847,-0.974864247845518,0.986549948562879,-1.91128688482832,0.940558469740821,1.91128688482832,-0.9271084183037,1.17433151778843,-1.27758552866174,0.229554456487041,1.27758552866174,-0.403885974275473
SR_48000:0.987887203866799,-1.959643532694,0.971863783217264,1.959643532694,-0.959750987084063,0.996611652839479,-1.98065927916284,0.985025444607979,1.98065927916284,-0.981637097447458,1.00676049622658,-1.97298204478154,0.970122475523749,1.97298204478154,-0.976882971750331,0.987606156262714,-1.91943494820569,0.945226303335599,1.91943494820569,-0.932832459598313,1.16394093144127,-1.32984682719294,0.275474901895957,1.32984682719294,-0.439415833337228
