SR_44100:1.00028734358016,-1.99776224233861,0.99749314788901,1.99776224233861,-0.997780491469173,0.982044199998424,-1.91691641431208,0.935901902592206,1.91691641431208,-0.91794610259063,1.13854091047246,-1.46559498831408,0.505440650171582,1.46559498831408,-0.643981560644047,0.674043035953198,0.144919100528872,0.372548949369129,-0.144919100528872,-0.0465919853223276,1.39782817888023,0.781485767612131,-0.197272049901637,-0.781485767612131,-0.200556128978589
SR_48000:1.00026402071694,-1.99794523716766,0.997696621963071,1.99794523716766,-0.997960642680008,0.98344803947534,-1.92348924691906,0.940913288302026,1.92348924691906,-0.924361327777366,1.12907917106998,-1.51505168416513,0.539216894828714,1.51505168416513,-0.668296065898692,0.689641916402391,-6.68768514488399E-17,0.402576023511059,6.68768514488399E-17,-0.0922179399134506,1.36382513196147,0.634442973988378,-0.0949391839847088,-0.634442973988378,-0.268885947976757
