SR_44100:0.95749658442743,-1.88140166242792,0.924136158823099,1.88140166242792,-0.881632743250528,1.03714950193726,-1.79759292709291,0.782748093219901,1.79759292709291,-0.81989759515716,0.789403687644752,-0.908368312082946,0.594612504038065,0.908368312082946,-0.384016191682817,0.938552648813944,-0.449327632257597,0.640653211601526,0.449327632257597,-0.579205860415471,1.10451873444239,0.490531034339117,0.088154292757645,-0.490531034339117,-0.19267302720003
SR_48000:0.960761456712002,-1.89052904841887,0.929963590551186,1.89052904841887,-0.890725047263188,1.03437952099242,-1.81435419588285,0.798947062536587,1.81435419588285,-0.833326583529003,0.801645139794652,-1.00396564717049,0.618176694590533,1.00396564717049,-0.419821834385185,0.942600894086278,-0.614944883527608,0.664327526428501,0.614944883527608,-0.606928420514779,1.09787609428429,0.321966316735677,0.146106227836333,-0.321966316735677,-0.243982322120626
