SR_44100:0.996337416968671,-1.97471802712692,0.978581054770518,1.97471802712692,-0.974918471739189,1.11845479577664,-1.62360667971242,0.643507866739448,1.62360667971242,-0.761962662516083,1.09587969958814,-1.40536783180904,0.657731411405178,1.40536783180904,-0.753611110993313,1.19141481234283,0.553374821896674,0.154056070854153,-0.553374821896674,-0.345470883196987
SR_48000:0.996631572347878,-1.97676349196486,0.980301288251177,1.97676349196486,-0.976932860599055,1.10986311382431,-1.66105227012575,0.669364709490307,1.66105227012575,-0.779227823314615,1.08895321834305,-1.47287407058782,0.682457364551332,1.47287407058782,-0.771410582894383,1.17867059661523,0.359512286041481,0.210378211207525,-0.359512286041481,-0.38904880782276
