SR_44100:0.996337416968671,-1.97471802712692,0.978581054770518,1.97471802712692,-0.974918471739189,1.04735004244567,-1.74853161490785,0.790739909511436,1.74853161490785,-0.838089951957106,1.07474976655926,-1.20835734607799,0.56286010660942,1.20835734607799,-0.637609873168681,0.929934571046821,-0.375197281493683,0.388732929480039,0.375197281493683,-0.31866750052686,1.18225197252536,0.726727926468082,-0.0658174802030512,-0.726727926468082,-0.116434492322306
SR_48000:0.996631572347878,-1.97676349196486,0.980301288251177,1.97676349196486,-0.976932860599055,1.04378663143606,-1.77407997242839,0.806488146932234,1.77407997242839,-0.850274778368293,1.06966224100287,-1.29182985143909,0.592612177842732,1.29182985143909,-0.662274418845597,0.933939371261574,-0.51953527850417,0.423671736418989,0.51953527850417,-0.357611107680563,1.16767880103555,0.593542931495158,0.0194070619547668,-0.593542931495158,-0.187085862990317
