SR_44100:0.966966668261406,-1.90318595308562,0.936412468542188,1.90318595308562,-0.903379136803594,1.08570356232229,-1.64107890805801,0.742073374404234,1.64107890805801,-0.827776936726528,0.829113294848273,-1.20225253040791,0.671051535898759,1.20225253040791,-0.500164830747033,1.14980309615311,-1.11507968650086,0.549164514897668,1.11507968650086,-0.698967611050777,1.44951150417755,0.754045451209726,-0.044148104928998,-0.754045451209726,-0.40536339924855
SR_48000:0.96953112344355,-1.91071633177564,0.94134891806103,1.91071633177564,-0.91088004150458,1.07928326471126,-1.6815436253804,0.761395391520703,1.6815436253804,-0.840678656231966,0.839785600036403,-1.27329659683411,0.691595196079568,1.27329659683411,-0.531380796115971,1.13925340275834,-1.21634205872473,0.580914033174982,1.21634205872473,-0.720167435933322,1.41551348824529,0.555020208312431,0.0348242096326947,-0.555020208312431,-0.450337697877989
