SR_44100:0.997563292230084,-1.97610430254495,0.978741595641621,1.97610430254495,-0.976304887871705,1.0037952959569,-1.96568591108152,0.966888956850915,1.96568591108152,-0.97068425280781,0.987620589875283,-1.77959938381831,0.891999151724914,1.77959938381831,-0.879619741600197,1.07462970283685,-1.60017625268478,0.733589037440188,1.60017625268478,-0.808218740277041,0.940046117932462,-1.06295044372165,0.735038151212028,1.06295044372165,-0.67508426914449
SR_48000:0.997759119446838,-1.97803967921848,0.980450037749261,1.97803967921848,-0.978209157196099,1.0034910777289,-1.96880968756489,0.969543027307729,1.96880968756489,-0.973034105036624,0.988570834717244,-1.80389910893033,0.90028930836137,1.80389910893033,-0.888860143078613,1.06909295341424,-1.64491377094929,0.7533539659748,1.64491377094929,-0.822446919389044,0.94419346608377,-1.16852355332575,0.753367056628028,1.16852355332575,-0.697560522711798
