SR_44100:1.00688726327455,-1.9822027234311,0.975414046034905,1.9822027234311,-0.982301309309455,1.00451733508584,-1.99043686357701,0.986404987566386,1.99043686357701,-0.990922322652228,1.28363650881008,-1.4357140073833,0.454013734694724,1.4357140073833,-0.737650243504808,1.1337139346436,-1.44538664982077,0.689402495457444,1.44538664982077,-0.823116430101046,0.960136420783001,-0.987226520888595,0.652220879077204,0.987226520888595,-0.612357299860205
SR_48000:1.00633222086634,-1.98364436481662,0.977395420428887,1.98364436481662,-0.983727641295232,1.00415183128825,-1.99124687948193,0.987504978728969,1.99124687948193,-0.991656810017215,1.26324656956132,-1.49767091529091,0.493263360305118,1.49767091529091,-0.756509929866436,1.12371219590127,-1.51338184944602,0.712635041135909,1.51338184944602,-0.83634723703718,0.962805502109626,-1.09624474640077,0.675506564298595,1.09624474640077,-0.638312066408221
