SR_44100:0.994353937954225,-1.96930363046196,0.975047636843019,1.96930363046196,-0.969401574797244,1.00227775707028,-1.95947896051616,0.960387610503659,1.95947896051616,-0.962665367573939,1.07930879444049,-1.63460010289842,0.71688575107234,1.63460010289842,-0.796194545512833,0.933042731265251,-1.01171205641145,0.608430973584006,1.01171205641145,-0.541473704849257
SR_48000:0.994806228772533,-1.97176995422656,0.977046503426397,1.97176995422656,-0.97185273219893,1.0020958612393,-1.96295296480909,0.963550954215158,1.96295296480909,-0.965646815454456,1.07345986509736,-1.6733536652418,0.737765090491059,1.6733536652418,-0.811224955588418,0.937349110606747,-1.11083928206066,0.63361486770023,1.11083928206066,-0.570963978306977
