SR_44100:0.993561418999753,-1.96497892762172,0.971545156600957,1.96497892762172,-0.96510657560071,0.986650410879361,-1.89619708801093,0.921931020876462,1.89619708801093,-0.908581431755823,1.11376246606045,-1.65291744641435,0.70256025175169,1.65291744641435,-0.816322717812135,1.06193188872392,-1.17366401286897,0.726296493749368,1.17366401286897,-0.788228382473293
SR_48000:0.994076163015696,-1.96778829259644,0.973820030577644,1.96778829259644,-0.96789619359334,0.987689503566925,-1.90520279416179,0.928007680210303,1.90520279416179,-0.915697183777229,1.10528560820913,-1.69070802994483,0.724723576374868,1.69070802994483,-0.830009184584001,1.05738075119349,-1.27547261342218,0.746409917143607,1.27547261342218,-0.803790668337096
