SR_44100:0.990528889653269,-1.94822700475774,0.958143112322273,1.94822700475774,-0.948672001975543,1.01640489941479,-1.95139046231665,0.941438262814122,1.95139046231665,-0.957843162228915,1.02125606634236,-1.45046424980001,0.630336531450205,1.45046424980001,-0.651592597792562,1.25962716882073,-1.17344343952455,0.396924853328846,1.17344343952455,-0.656552022149576,1.2165988155297,0.819760750910055,0.0427571888775691,-0.819760750910055,-0.259356004407264
SR_48000:0.99128025902099,-1.95236758396973,0.961463734939667,1.95236758396973,-0.952743993960657,1.01509775723706,-1.95574567197269,0.946104461291861,1.95574567197269,-0.961202218528925,1.01980213535692,-1.5026420507631,0.655621791782621,1.5026420507631,-0.675423927139538,1.24168669145066,-1.26330484634645,0.438597903458581,1.26330484634645,-0.680284594909238,1.19961341662504,0.658718174193289,0.117822931761534,-0.658718174193289,-0.317436348386579
