SR_44100:1.0008809702796,-1.99771785923755,0.996855137683082,1.99771785923755,-0.997736107962681,0.990005185268936,-1.94550006521082,0.955828638645074,1.94550006521082,-0.94583382391401,0.917814450445786,-1.62693066315837,0.809095240005947,1.62693066315837,-0.726909690451733,1.09030891239597,-1.47357001086933,0.600886288505695,1.47357001086933,-0.691195200901664,0.854922498552008,-0.176625834220309,0.358840467446344,0.176625834220309,-0.213762965998352
SR_48000:1.00080946587621,-1.99790445272007,0.997110392041737,1.99790445272007,-0.997919857917946,0.990797038393727,-1.94984286586732,0.959328176300981,1.94984286586732,-0.950125214694708,0.923650721176813,-1.66083260661812,0.822652025465318,1.66083260661812,-0.746302746642131,1.08399194970123,-1.52611205268144,0.628803648593183,1.52611205268144,-0.712795598294415,0.862715802124516,-0.32507625774288,0.393282409344481,0.32507625774288,-0.255998211468997
