SR_44100:0.972269491863065,-1.89899495278077,0.927496689860213,1.89899495278077,-0.899766181723278,1.06831426407319,-1.5747337852558,0.698090047162724,1.5747337852558,-0.766404311235914,0.852435366680637,-0.638146613601757,0.473228024392133,0.638146613601757,-0.32566339107277,1.09834363203595,-0.0054255610165782,0.424882152778947,0.0054255610165782,-0.523225784814898
SR_48000:0.974418600925567,-1.90688061905985,0.933115682491481,1.90688061905985,-0.907534283417049,1.06335106792196,-1.61956037911641,0.720024533851116,1.61956037911641,-0.783375601773073,0.860779414187671,-0.757683227543835,0.503014364729748,0.757683227543835,-0.36379377891742,1.09191666915195,-0.202887822293763,0.462467311893919,0.202887822293763,-0.554383981045871
