SR_44100:1.00244704416361,-1.99161431636564,0.9891854651726,1.99161431636564,-0.991632509336215,0.996337416968671,-1.97471802712692,0.978581054770518,1.97471802712692,-0.974918471739189,0.976771134244818,-1.78687064279079,0.897341706600294,1.78687064279079,-0.874112840845112,1.09961335227247,-1.36739145302799,0.644403125646453,1.36739145302799,-0.744016477918925,0.955021686103699,-0.227391298918581,0.607598746156368,0.227391298918581,-0.562620432260067
SR_48000:1.00224898596352,-1.99229439309679,0.99006076907378,1.99229439309679,-0.9923097550373,0.996631572347878,-1.97676349196486,0.980301288251177,1.97676349196486,-0.976932860599055,0.978549283895201,-1.80963904127416,0.905200110469061,1.80963904127416,-0.883749394364262,1.09245072992558,-1.43926767862004,0.669972048492906,1.43926767862004,-0.762422778418481,0.957968212325403,-0.411851793915831,0.633304925061732,0.411851793915831,-0.591273137387135
