SR_44100:1.00151296758929,-1.99481841793539,0.993313549084902,1.99481841793539,-0.99482651667419,0.9941371502394,-1.96793904936502,0.97408955920511,1.96793904936502,-0.96822670944451,1.01177060253408,-1.90423903828143,0.897310530503286,1.90423903828143,-0.909081133037366,0.760092719483163,-0.852099272477426,0.538190338548279,0.852099272477426,-0.298283058031443,0.817329182957892,-0.0049617545182976,0.575682967693275,0.0049617545182976,-0.393012150651167
SR_48000:1.00139033109408,-1.99523902571045,0.993855532212239,1.99523902571045,-0.99524586330632,0.994606551232193,-1.97052746512281,0.976164042968036,1.97052746512281,-0.970770594200229,1.01085411914467,-1.91205761732196,0.905306144388647,1.91205761732196,-0.916160263533322,0.773267869424071,-0.945274289688146,0.563551851215499,0.945274289688146,-0.33681972063957,0.828140445651759,-0.186513622294226,0.600795916636252,0.186513622294226,-0.428936362288012
