SR_44100:1.00123850758131,-1.99575235260765,0.994526505254288,1.99575235260765,-0.995765012835598,0.994897951783549,-1.96467004727033,0.970162999617599,1.96467004727033,-0.965060951401148,0.957741805956558,-1.70228027032483,0.849147916671145,1.70228027032483,-0.806889722627703,1.08303430719609,-1.29873707364319,0.633035880433571,1.29873707364319,-0.716070187629658
SR_48000:1.00113807458379,-1.99609774785324,0.994970361628292,1.99609774785324,-0.996108436212082,0.995305837715701,-1.96752373852678,0.972548334329715,1.96752373852678,-0.967854172045416,0.960870316046776,-1.73205109598882,0.860315981835962,1.73205109598882,-0.821186297882737,1.07714870058628,-1.37741657395048,0.659046893478823,1.37741657395048,-0.736195594065106
