SR_44100:0.971001396328833,-1.88271818642806,0.912728108503052,1.88271818642806,-0.883729504831884,0.964901402257362,-1.69618963172255,0.844884283935469,1.69618963172255,-0.809785686192831,1.16339343546085,-1.3914064149068,0.572796687766244,1.3914064149068,-0.736190123227096,0.917556600907609,-0.880689595800947,0.705695929716864,0.880689595800947,-0.623252530624472,1.14320845800788,0.225977358890258,0.488778573485826,-0.225977358890258,-0.631987031493703
SR_48000:0.973231354167289,-1.89181284718474,0.919439212276438,1.89181284718474,-0.892670566443727,0.967503870223523,-1.72709598978135,0.856385703025371,1.72709598978135,-0.823889573248893,1.15167819626128,-1.45931662204601,0.603426981912098,1.45931662204601,-0.755105178173379,0.923101737593285,-1.00359954834531,0.725490798861476,1.00359954834531,-0.648592536454761,1.13328748956367,-1.01488128015438E-16,0.524194160742356,1.01488128015438E-16,-0.657481650306023
