SR_44100:1.00080492069527,-1.99607947562172,0.995292788685297,1.99607947562172,-0.996097709380569,0.953405770255963,-1.86316753126081,0.910308409910106,1.86316753126081,-0.863714180166069,1.09846243317534,-1.72946693045756,0.703675291333151,1.72946693045756,-0.802137724508494,0.766035573662421,-0.713809462762622,0.549630039213751,0.713809462762622,-0.315665612876172,1.34308417564194,0.113789122772716,0.339579913284335,-0.113789122772716,-0.682664088926279
SR_48000:1.00073963811301,-1.99639880859689,0.995674564072218,1.99639880859689,-0.996414202185228,0.956953530745072,-1.87362720438162,0.917137673560869,1.87362720438162,-0.87409120430594,1.09117947227094,-1.75486794532973,0.725593511294107,1.75486794532973,-0.816772983565051,0.779053182974549,-0.824105596003687,0.574688293954472,0.824105596003687,-0.353741476929021,1.31855927424025,-0.111535122505458,0.386789136735376,0.111535122505458,-0.70534841097563
