SR_44100:1.0014855801704,-1.9949019429714,0.993434585803336,1.9949019429714,-0.994920165973734,0.984313474770441,-1.91421060182595,0.930674535450417,1.91421060182595,-0.914988010220858,1.06592464968692,-1.69951156155341,0.801598416955113,1.69951156155341,-0.867523066642029,1.06743255264935,-1.04309546055886,0.701986707076993,1.04309546055886,-0.769419259726346,1.20375959993956,-0.147289394878651,-0.191595022899124,0.147289394878651,-0.0121645770404357
SR_48000:1.00136515840656,-1.99531655424857,0.993966781085429,1.99531655424857,-0.995331939491994,0.985538157768929,-1.92096659829531,0.936086933451482,1.92096659829531,-0.921625091220411,1.0608908067077,-1.73471194329547,0.816747870469374,1.73471194329547,-0.877638677177074,1.06252154437745,-1.16005196067831,0.723690553204423,1.16005196067831,-0.786212097581874,1.19318979208344,-0.275230104981223,-0.129782325788984,0.275230104981223,-0.0634074662944602
