SR_44100:1.00357612029474,-1.9926842652871,0.989237592751659,1.9926842652871,-0.992813713046396,0.96967401622104,-1.89812106012775,0.929557267837129,1.89812106012775,-0.89923128405817,1.08987902991794,-1.81668150797415,0.811264971851332,1.81668150797415,-0.901144001769268,0.92740378911531,-1.06457196473796,0.575454194073844,1.06457196473796,-0.502857983189154,1.34367134257708,-0.00550445095937563,0.201702786835629,0.00550445095937563,-0.545374129412708
SR_48000:1.00328651931372,-1.99328637299785,0.990109152833618,1.99328637299785,-0.993395672147343,0.972023667490474,-1.90609781584585,0.935015156895413,1.90609781584585,-0.907038824385888,1.08290410675191,-1.83714953950324,0.825911461931134,1.83714953950324,-0.908815568683041,0.931969041252007,-1.15341325896755,0.602151987581393,1.15341325896755,-0.5341210288334,1.32049405378075,-0.20571374577344,0.255540167968639,0.20571374577344,-0.576034221749389
