SR_44100:1.00248661552141,-1.99357759195732,0.991123351569228,1.99357759195732,-0.993609967090641,1.03345521673304,-1.55260682088979,0.708128921330344,1.55260682088979,-0.741584138063385,0.922496339487587,-0.964310650657435,0.546755214721422,0.964310650657435,-0.469251554209009,1.68199375530195,0.101765631979963,-1.43456165445233,-0.101765631979963,0.752567899150376
SR_48000:1.00228517093101,-1.99410029858576,0.991842462662949,1.99410029858576,-0.994127633593961,1.03105631854563,-1.59843531869229,0.729057466112042,1.59843531869229,-0.760113784657671,0.92727858209457,-1.06207478135947,0.574721977958427,1.06207478135947,-0.502000560052997,1.64855028062862,0.0862835864931266,-1.31517610231439,-0.0862835864931266,0.66662582168577
