SR_44100:0.98205124784336,-1.94012068370652,0.958307728776629,1.94012068370652,-0.940358976619989,1.04997574997948,-1.80669394068681,0.77913578483187,1.80669394068681,-0.829111534811354,1.04335994020964,-1.77706307292579,0.808373877969383,1.77706307292579,-0.851733818179027,0.664154800689763,-0.460796611490414,0.438836369947777,0.460796611490414,-0.10299117063754,1.14308550412348,0.209187111619464,0.367643955655636,-0.209187111619464,-0.510729459779118
SR_48000:0.983469566568308,-1.94487020535194,0.961602271396954,1.94487020535194,-0.945071837965261,1.04623195182069,-1.82285193500944,0.795681230221456,1.82285193500944,-0.841913182042149,1.04007512643737,-1.79948697432031,0.822890875034658,1.79948697432031,-0.862966001472027,0.680177644000882,-0.572893288711708,0.465608933422534,0.572893288711708,-0.145786577423416,1.13365456116515,-9.44770262498639E-17,0.409323326463342,9.44770262498639E-17,-0.54297788762849
