SR_44100:1.00060189449722,-1.99533260021463,0.9947489326537,1.99533260021463,-0.995350827150924,0.956730222924103,-1.86544286688531,0.909138732339875,1.86544286688531,-0.865868955263978,1.06533243456479,-1.63971797081622,0.617933074641006,1.63971797081622,-0.683265509205796,0.766035573662421,-0.713809462762622,0.549630039213751,0.713809462762622,-0.315665612876172,1.26488110776329,0.203231138931412,0.202834882725957,-0.203231138931412,-0.46771599048925
SR_48000:1.00055309500523,-1.99571237746227,0.995174670752531,1.99571237746227,-0.995727765757758,0.960028356188077,-1.87573113239415,0.916064410943466,1.87573113239415,-0.876092767131543,1.06078958540097,-1.66802477428049,0.644499854586551,1.66802477428049,-0.705289439987523,0.779053182974549,-0.824105596003687,0.574688293954472,0.824105596003687,-0.353741476929021,1.24744034398217,-9.20146903409008E-17,0.255323218426178,9.20146903409008E-17,-0.50276356240835
