SR_44100:0.979789710060584,-1.94081498315676,0.961096190433839,1.94081498315676,-0.940885900494423,1.05836975443608,-1.75383070520354,0.742039088790568,1.75383070520354,-0.800408843226653,0.831084391149606,-0.941427335743063,0.558358587752693,0.941427335743063,-0.389442978902299,0.787065700254136,-0.48193986284178,0.443268709767699,0.48193986284178,-0.230334410021835,1.56467157454125,0.204614527767431,-0.0869648812179523,-0.204614527767431,-0.477706693323299
SR_48000:0.981387118192062,-1.94549823475456,0.964171122160832,1.94549823475456,-0.945558240352894,1.05405822167778,-1.77548639563569,0.761093596211173,1.77548639563569,-0.815151817888954,0.840964761736472,-1.03377182144979,0.584191492415608,1.03377182144979,-0.42515625415208,0.798357739899146,-0.606540481990044,0.472792519733607,0.606540481990044,-0.271150259632752,1.52602784487697,-9.26690386326477E-17,-0.0125776109565184,9.26690386326477E-17,-0.513450233920456
