SR_44100:0.974964859777495,-1.92664829384318,0.951808592029203,1.92664829384318,-0.926773451806699,1.04175369924192,-1.71771497692281,0.755822546672339,1.71771497692281,-0.797576245914264,0.822963346974029,-0.880201525239937,0.588770289431732,0.880201525239937,-0.411733636405761,0.774495054657829,-0.355853172066689,0.476185683474427,0.355853172066689,-0.250680738132256,1.10537374224185,0.206198155723908,0.383769761832639,-0.206198155723908,-0.489143504074487
SR_48000:0.976930379605919,-1.93241653875591,0.955592120584842,1.93241653875591,-0.932522500190762,1.03867408346168,-1.74445623484866,0.773832274004297,1.74445623484866,-0.812506357465978,0.833459102954645,-0.981959584249781,0.613150363390037,0.981959584249781,-0.446609466344682,0.786619370643738,-0.494032076716942,0.504348659154904,0.494032076716942,-0.290968029798641,1.09852121241376,-9.32148844728247E-17,0.423843654988272,9.32148844728247E-17,-0.522364867402036
