SR_44100:0.97220801020135,-1.92247753097508,0.95039440779824,1.92247753097508,-0.922602417999589,1.02252570944131,-1.80750413265717,0.803480480640863,1.80750413265717,-0.826006190082168,0.802382306213611,-1.02373960730196,0.585026885208893,1.02373960730196,-0.387409191422504,0.884634152736298,-0.615293512641349,0.588170322971273,0.615293512641349,-0.472804475707571,1.16084293278613,0.501863401890036,0.05938351747205,-0.501863401890036,-0.22022645025818
SR_48000:0.974385618140416,-1.92856106243675,0.95428119432138,1.92856106243675,-0.928666812461796,1.02084124228311,-1.82328435668443,0.818176163241558,1.82328435668443,-0.839017405524667,0.813897106433601,-1.10595927081883,0.609206564780763,1.10595927081883,-0.423103671214364,0.891769211813285,-0.752705031532193,0.6136408512511,0.752705031532193,-0.505410063064386,1.15039980917928,0.328921521239286,0.120455359569982,-0.328921521239286,-0.270855168749258
