SR_44100:0.972657274536118,-1.9199537239231,0.947366604454688,1.9199537239231,-0.920023878990806,0.892037153061788,-1.09672617752237,0.522866000688051,1.09672617752237,-0.414903153749839,0.635811111160457,-0.472589671397914,0.23524764064185,0.472589671397914,0.128941248197693,0.795292304510648,-0.237773444075926,0.383927999019483,0.237773444075926,-0.179220303530131,1.31593755537207,0.206302519373457,0.173959653071112,-0.206302519373457,-0.489897208443185
SR_48000:0.974797024564964,-1.92622313101219,0.951485517537625,1.92622313101219,-0.926282542102588,0.898468303625249,-1.1728774920344,0.551288005808734,1.1728774920344,-0.449756309433983,0.650247742402402,-0.55751014051478,0.265562809889987,0.55751014051478,0.0841894477076111,0.805915203173498,-0.377560991214853,0.415897830049968,0.377560991214853,-0.221813033223466,1.29484165298603,-9.33124316117357E-17,0.229116332704288,9.33124316117357E-17,-0.523957985690316
