SR_44100:0.965592663240321,-1.90398615194824,0.938586753650429,1.90398615194824,-0.904179416890749,1.06298929078296,-1.62628979757556,0.631635881621347,1.62628979757556,-0.694625172404309,0.936058792551278,-1.3921485837509,0.717416454863365,1.3921485837509,-0.653475247414642,0.736682766474917,-0.52488502613607,0.560023323472468,0.52488502613607,-0.296706089947385,0.810378317480811,0.737818456586213,0.323093982129564,-0.737818456586213,-0.133472299610375
SR_48000:0.968264814465106,-1.91145728585654,0.943356244605141,1.91145728585654,-0.911621059070246,1.05858142010623,-1.65752361936583,0.657413301490318,1.65752361936583,-0.715994721596549,0.940428254687119,-1.45245903671483,0.736726976981303,1.45245903671483,-0.677155231668421,0.751134278938583,-0.652458205942464,0.584170350765137,0.652458205942464,-0.33530462970372,0.822364034754202,0.594122142505101,0.365880250256001,-0.594122142505101,-0.188244285010203
