SR_44100:0.993851127481461,-1.97170092119912,0.978049932077276,1.97170092119912,-0.971901059558737,0.964992184653836,-1.85491876430804,0.894643262928091,1.85491876430804,-0.859635447581927,1.33904451838508,-0.551749697946296,-0.498382745449909,0.551749697946296,0.159338227064831,0.928072140368923,-0.00536931557406999,0.579362741340279,0.00536931557406999,-0.507434881709203,1.11807583929699,0.708189457088102,-0.0301210377872556,-0.708189457088102,-0.0879548015097366
SR_48000:0.994344271816163,-1.9739854857131,0.979810344512204,1.9739854857131,-0.974154616328368,0.967652732332503,-1.86629850575296,0.902650235641954,1.86629850575296,-0.870302967974458,1.32488195893388,-0.628681300386353,-0.435792337517141,0.628681300386353,0.110910378583266,0.932656533593292,-0.200857490677446,0.606172472762948,0.200857490677446,-0.53882900635624,1.10885634164633,0.579584171008806,0.0503120003712809,-0.579584171008806,-0.159168342017612
