SR_44100:0.964914119709564,-1.8909616316075,0.926323919936805,1.8909616316075,-0.891238039646369,1.18952767404648,-1.63062781736097,0.559755512710813,1.63062781736097,-0.749283186757296,0.89551363798627,-0.690174218503932,0.538230074557974,0.690174218503932,-0.433743712544244,0.573827607785208,-0.301090551686163,0.105089824464239,0.301090551686163,0.321082567750553
SR_48000:0.967621929528471,-1.89939756777714,0.932009991124481,1.89939756777714,-0.899631920652952,1.17585672467292,-1.66599422912802,0.591511086813655,1.66599422912802,-0.767367811486571,0.901833655845789,-0.815574097866297,0.56616093672541,0.815574097866297,-0.467994592571199,0.588043105574478,-0.377757969566257,0.134940640364845,0.377757969566257,0.277016254060676
