SR_44100:0.979382512761827,-1.93959840158436,0.960312355752882,1.93959840158436,-0.939694868514709,1.05975173761382,-1.75648595483075,0.786699968950456,1.75648595483075,-0.846451706564276,0.913654699527368,-1.1875356860455,0.618403184941231,1.1875356860455,-0.532057884468599,0.804143986422304,-0.607672736453305,0.650418929692131,0.607672736453305,-0.454562916114435,0.89439371181544,0.633400197193589,0.0786662213942835,-0.633400197193589,0.0269400667902767
SR_48000:0.981011188125841,-1.94437703550847,0.96344747535763,1.94437703550847,-0.944458663483471,1.05523610481122,-1.78154061709527,0.802819744800776,1.78154061709527,-0.858055849612,0.919169236705506,-1.26363885206069,0.642774283451307,1.26363885206069,-0.561943520156813,0.816055953877995,-0.743868206336443,0.671680458794891,0.743868206336443,-0.487736412672886,0.901830077028093,0.522686437585135,0.143542798142177,-0.522686437585135,-0.0453728751702697
