SR_44100:0.974819108346069,-1.89837706351024,0.924217590986863,1.89837706351024,-0.899036699332932,1.04578948026322,-1.78313667580929,0.797636701291257,1.78313667580929,-0.843426181554473,0.65376994330472,-0.499725516684253,0.333524247691032,0.499725516684253,0.0127058090042485,1.2185967025758,0.173434068120835,0.0339276714693614,-0.173434068120835,-0.252524374045159
SR_48000:0.976769937454677,-1.90629949052585,0.930088651132589,1.90629949052585,-0.906858588587266,1.04233466421076,-1.80397925544653,0.812905011147297,1.80397925544653,-0.855239675358062,0.668891760569417,-0.59533955325934,0.362632998773951,0.59533955325934,-0.0315247593433687,1.20530271573794,-7.94758625399067E-17,0.09267948551127,7.94758625399067E-17,-0.297982201249207
