SR_44100:0.96656886524171,-1.89587483396782,0.92979868423804,1.89587483396782,-0.89636754947975,1.08829212547244,-1.68671718691414,0.684817314829918,1.68671718691414,-0.773109440302359,0.766035573662421,-0.713809462762622,0.549630039213751,0.713809462762622,-0.315665612876172,0.779068310003354,-0.565571049279133,0.574717412737512,0.565571049279133,-0.353785722740866,1.24699034857362,-0.00535589778073967,0.256677488821892,0.00535589778073967,-0.503667837395516
SR_48000:0.969155448802313,-1.90396798059201,0.935230195031657,1.90396798059201,-0.90438564383397,1.08185589542335,-1.71595085524948,0.707793183384323,1.71595085524948,-0.789649078807676,0.779053182974549,-0.824105596003687,0.574688293954472,0.824105596003687,-0.353741476929021,0.791691211128488,-0.695353542424418,0.599015873720349,0.695353542424418,-0.390707084848837,1.2307532385409,-0.200526950861057,0.305543403921428,0.200526950861057,-0.536296642462323
