SR_44100:1.00420276792245,-1.9930848699596,0.989011575820324,1.9930848699596,-0.993214343742769,0.995645677297033,-1.96938159361011,0.974535731015908,1.96938159361011,-0.970181408312941,1.04502439239548,-1.56474475106714,0.736695390531664,1.56474475106714,-0.781719782927143,1.28329454908726,-1.2655662090468,0.45467199026533,1.2655662090468,-0.737966539352586,1.38020203939937,-0.118209856455867,0.201621972625442,0.118209856455867,-0.58182401202481
SR_48000:1.00386235695129,-1.99365464119498,0.989901603586666,1.99365464119498,-0.993763960537956,0.995994619122387,-1.97189502633651,0.976576358021933,1.97189502633651,-0.972570977144321,1.04172897272236,-1.61230464862657,0.755967148436656,1.61230464862657,-0.797696121159015,1.26290910355599,-1.35071829834738,0.493912965691568,1.35071829834738,-0.756822069247558,1.35423112726577,-0.314171280439782,0.256157728485928,0.314171280439782,-0.610388855751694
