SR_44100:1.00110973082678,-1.99460175631528,0.993510245748687,1.99460175631528,-0.994619976575471,0.993656968685817,-1.96528724694145,0.971967431532911,1.96528724694145,-0.965624400218728,1.06624292666137,-1.34545438412205,0.612608477169319,1.34545438412205,-0.678851403830685,0.947532057999933,-1.24931832784132,0.768121722313542,1.24931832784132,-0.715653780313475,1.2576583580024,0.308819465431012,-0.506797309648689,-0.308819465431012,0.249138951646288
SR_48000:1.00101978801054,-1.99504064015352,0.994036235258916,1.99504064015352,-0.99505602326946,0.994164198169682,-1.96808830287283,0.974209095578174,1.96808830287283,-0.968373293747856,1.06163929424672,-1.41447117238555,0.639530720215416,1.41447117238555,-0.701170014462138,0.951239489303632,-1.33451408569356,0.784506447015368,1.33451408569356,-0.735745936319,1.24097663905031,0.215268793524175,-0.409241890013953,-0.215268793524175,0.16826525096364
