SR_44100:0.968989713920446,-1.90910266110393,0.940306731479477,1.90910266110393,-0.909296445399923,1.02657413860692,-1.76856798256716,0.768161044604456,1.76856798256716,-0.79473518321138,1.01149265803525,-1.82631754152238,0.899735382846351,1.82631754152238,-0.911228040881603,0.968460877976561,-1.52034371548244,0.724845376470581,1.52034371548244,-0.693306254447142,0.612894730521687,-0.334224665676751,0.187126029306337,0.334224665676751,0.199979240171977
SR_48000:0.971404010491136,-1.91619396453034,0.944954133090436,1.91619396453034,-0.916358143581572,1.02461764099685,-1.78756539749232,0.785229984029492,1.78756539749232,-0.809847625026339,1.01059685243489,-1.8461310588265,0.907550598898976,1.8461310588265,-0.918147451333866,0.97066367161186,-1.56648081640294,0.744063059606571,1.56648081640294,-0.714726731218431,0.627463720522245,-0.422591428183522,0.217719135844799,0.422591428183522,0.154817143632956
