SR_44100:1.00034826331892,-1.99729168843005,0.99696166994328,1.99729168843005,-0.9973099332622,0.950861624095699,-1.85566227692147,0.905411054254938,1.85566227692147,-0.856272678350637,1.14347062871816,-1.44854583596202,0.365941925343334,1.44854583596202,-0.509412554061493,0.640414411367159,-0.514458600359961,0.307815508592721,0.514458600359961,0.0517700800401201,1.38049149113771,0.420427519255723,-0.358267560322619,-0.420427519255723,-0.0222239308150865
SR_48000:1.00032000188931,-1.9975128289283,0.997208229217188,1.9975128289283,-0.997528231106493,0.954589334012937,-1.86665777402874,0.912586711663755,1.86665777402874,-0.867176045676692,1.1344022377346,-1.48793267997861,0.406019023900992,1.48793267997861,-0.540421261635596,0.655585252289709,-0.604258956479849,0.337018627794804,0.604258956479849,0.00739611991548709,1.35438362513276,0.281935512766319,-0.265068452616605,-0.281935512766319,-0.0893151725161567
