SR_44100:0.970337893705129,-1.88014518776997,0.91073128377175,1.88014518776997,-0.881069177476879,1.05282855649922,-1.67356309480995,0.691056298647596,1.67356309480995,-0.743884855146813,1.05613972730421,-1.52228002090607,0.75189453253053,1.52228002090607,-0.80803425983474,0.904241557868731,-1.04911973383541,0.576802485690999,1.04911973383541,-0.48104404355973,1.2576583580024,0.308819465431012,-0.506797309648689,-0.308819465431012,0.249138951646288
SR_48000:0.972615900780437,-1.88941915524777,0.917586992707255,1.88941915524777,-0.890202893487692,1.0490362923559,-1.70222202575064,0.71323362467314,1.70222202575064,-0.762269917029042,1.05197569865833,-1.57813458492265,0.770297156186774,1.57813458492265,-0.822272854845099,0.910181394703474,-1.13770998026056,0.603053165296026,1.13770998026056,-0.5132345599995,1.24097663905031,0.215268793524175,-0.409241890013953,-0.215268793524175,0.16826525096364
