SR_44100:0.975785394908208,-1.91920923450798,0.943753088000586,1.91920923450798,-0.919538482908794,0.953136142554834,-1.13949489270434,0.591148826436015,1.13949489270434,-0.544284968990849
SR_48000:0.977679951032984,-1.92555497822681,0.948153858990832,1.92555497822681,-0.925833810023816,0.956155674002105,-1.22295387234206,0.617491919880133,1.22295387234206,-0.573647593882238
