SR_44100:1.00074048432775,-1.99640199453132,0.995669615371506,1.99640199453132,-0.99641009969926,0.991145167177466,-1.95162356516419,0.960866706300618,1.95162356516419,-0.952011873478083,1.07930879444049,-1.63460010289842,0.71688575107234,1.63460010289842,-0.796194545512833,0.901567790370536,-0.870967985704013,0.703766249713305,0.870967985704013,-0.605334040083841,1.10483751203302,-0.00584689656845384,0.536678192426162,0.00584689656845384,-0.641515704459183
SR_48000:1.00068041918601,-1.99669445554129,0.996020878938845,1.99669445554129,-0.996701298124853,0.991848750962288,-1.95549648133554,0.963976143987969,1.95549648133554,-0.955824894950257,1.07345986509736,-1.6733536652418,0.737765090491059,1.6733536652418,-0.811224955588418,0.908120116299267,-0.993258632762956,0.723485608755182,0.993258632762956,-0.631605725054449,1.09760227417365,-0.217490061048037,0.568653803237802,0.217490061048037,-0.666256077411456
