SR_44100:0.978474968570923,-1.90070143967556,0.923160563097957,1.90070143967556,-0.90163553166888,1.10349183668727,-1.57804607550038,0.630557823749991,1.57804607550038,-0.734049660437261,1.0393039665335,-1.11339911028449,0.657103070063203,1.11339911028449,-0.696407036596707,0.916471457353637,-0.207800405896069,0.511521441360569,0.207800405896069,-0.427992898714206,1.18225197252536,0.726727926468082,-0.0658174802030512,-0.726727926468082,-0.116434492322306
SR_48000:0.980144696826462,-1.90847416540347,0.929121110907504,1.90847416540347,-0.909265807733965,1.09609178230558,-1.61962189533896,0.656974324632097,1.61962189533896,-0.753066106937677,1.03654738058439,-1.21459699738044,0.681152165928657,1.21459699738044,-0.717699546513051,0.921554004628725,-0.378600086105041,0.541244399387774,0.378600086105041,-0.462798404016499,1.16767880103555,0.593542931495158,0.0194070619547668,-0.593542931495158,-0.187085862990317
