SR_44100:0.97633311548055,-1.90433374477971,0.928774026457493,1.90433374477971,-0.905107141938043,0.986053123694458,-1.93154931999219,0.950212842875915,1.93154931999219,-0.936265966570373,1.09101997873281,-1.55102666546196,0.675079502870449,1.55102666546196,-0.766099481603257,0.832356872691933,-0.540824073267493,0.647969828108874,0.540824073267493,-0.480326700800807,1.23399463301894,0.643789515928433,-0.0341223692790726,-0.643789515928433,-0.199872263739865
SR_48000:0.97817205039252,-1.91182502985583,0.934308338727396,1.91182502985583,-0.912480389119916,0.987153106956438,-1.93730072107298,0.954139531425974,1.93730072107298,-0.941292638382411,1.08440567280279,-1.59921085657753,0.698691061572922,1.59921085657753,-0.783096734375714,0.842733245374923,-0.686657086883197,0.669758948354088,0.686657086883197,-0.512492193729011,1.21721061810356,0.481134098975976,0.0400533716187891,-0.481134098975976,-0.257263989722351
