SR_44100:0.979622153169643,-1.90625086075468,0.927255749619693,1.90625086075468,-0.906877902789336,1.06275494287878,-1.62478943549465,0.722659065396077,1.62478943549465,-0.785414008274854,1.04734324944616,-1.12348391337201,0.723134613413789,1.12348391337201,-0.77047786285995,0.890520330992262,-0.652155259722628,0.670518694516835,0.652155259722628,-0.561039025509097
SR_48000:0.981206882515493,-1.91358845148373,0.932912870770876,1.91358845148373,-0.914119753286369,1.05815258056506,-1.66404696291824,0.74299887301789,1.66404696291824,-0.80115145358295,1.04389532637492,-1.23022285381002,0.743298217839045,1.23022285381002,-0.787193544213966,0.897634629366401,-0.794781975252999,0.691929321139596,0.794781975252999,-0.589563950505997
