SR_44100:0.982230015584999,-1.91816427647061,0.936565221718456,1.91816427647061,-0.918795237303455,1.16197734240789,-1.54983639116686,0.576499159906274,1.54983639116686,-0.738476502314162,0.970252168114594,-0.788270196199443,0.482656548983276,0.788270196199443,-0.45290871709787
SR_48000:0.983619880195355,-1.92461223802547,0.941526720352346,1.92461223802547,-0.925146600547701,1.15035726208551,-1.59582361887846,0.606880654659366,1.59582361887846,-0.757237916744873,0.972079023619313,-0.904927729578916,0.514427325924643,0.904927729578916,-0.486506349543957
