SR_44100:1.00080861320361,-1.99722689707371,0.996426392387055,1.99722689707371,-0.997235005590662,0.97633311548055,-1.90433374477971,0.928774026457493,1.90433374477971,-0.905107141938043,1.01353021189009,-1.92185303639709,0.920874731046878,1.92185303639709,-0.934404942936965,0.93226233619584,-1.69454032061003,0.822895245096631,1.69454032061003,-0.755157581292471,1.20357640162495,-1.15848072627712,0.387332651067721,1.15848072627712,-0.590909052692672
SR_48000:1.00074299682298,-1.9974525308805,0.996716379238966,1.9974525308805,-0.99745937606195,0.97817205039252,-1.91182502985583,0.934308338727396,1.91182502985583,-0.912480389119916,1.01246393364374,-1.92894911536609,0.927110372713586,1.92894911536609,-0.939574306357324,0.937144876361676,-1.72107752407001,0.835660980299371,1.72107752407001,-0.772805856661047,1.19000004261582,-1.2441329516127,0.428190981482654,1.2441329516127,-0.618191024098477
