SR_44100:0.966966668261406,-1.90318595308562,0.936412468542188,1.90318595308562,-0.903379136803594,1.05050395518121,-1.69123688421156,0.70465066849121,1.69123688421156,-0.755154623672418,0.920212598057852,-1.23767746634872,0.715177231805113,1.23767746634872,-0.635389829862965,1.18883524541319,-0.697917365536072,0.431696462513286,0.697917365536072,-0.620531707926477,0.759313999372738,-0.164440204025545,0.370709989748044,0.164440204025545,-0.130023989120782
SR_48000:0.96953112344355,-1.91071633177564,0.94134891806103,1.91071633177564,-0.91088004150458,1.04685781095971,-1.71828288377324,0.725973478844195,1.71828288377324,-0.772831289803903,0.925610823735706,-1.31701294494952,0.734447662267579,1.31701294494952,-0.660058486003285,1.17599570455705,-0.84175869468231,0.470337323610391,0.84175869468231,-0.646333028167443,0.771395994588707,-0.303774667585175,0.402299192582883,0.303774667585175,-0.173695187171589
