SR_44100:0.990853520090499,-1.96324280991872,0.972473481437501,1.96324280991872,-0.963327001528,1.21948308649543,-1.15839046902884,0.490173562415328,1.15839046902884,-0.709656648910754,1.15786335189672,-0.645357137558243,0.436463955596037,0.645357137558243,-0.594327307492757,1.17221291324747,0.757139720409556,0.23891747613926,-0.757139720409556,-0.411130389386726
SR_48000:0.991584140824181,-1.96618526793448,0.974672299495028,1.96618526793448,-0.966256440319208,1.20392074668206,-1.25507414599931,0.526322554094901,1.25507414599931,-0.730243300776962,1.14727771507846,-0.792313988013241,0.474252256860308,0.792313988013241,-0.621529971938764,1.16014643763296,0.555805908219313,0.292244393044708,-0.555805908219313,-0.452390830677667
