SR_44100:1.01034538831025,-1.96058816022311,0.954279304048653,1.96058816022311,-0.964624692358901,1.02934497588885,-1.85051120250259,0.870311999890346,1.85051120250259,-0.8996569757792,0.956273457975184,-1.44238406780869,0.806753707742417,1.44238406780869,-0.763027165717602,1.07826243266697,-1.18065723380961,0.720621023178123,1.18065723380961,-0.798883455845096,1.1883656984862,0.35477313969744,-0.643346089796233,-0.35477313969744,0.454980391310038
SR_48000:1.00951846497711,-1.96403996770701,0.957933831955756,1.96403996770701,-0.967452296932863,1.02707007527817,-1.86575378458562,0.880365758726771,1.86575378458562,-0.907435834004945,0.959439772547911,-1.50555348658243,0.820747006159504,1.50555348658243,-0.780186778707414,1.07247948979945,-1.28251089088249,0.741264805977764,1.28251089088249,-0.813744295777212,1.17235333807232,0.334351399200102,-0.50365053967212,-0.334351399200102,0.331297201599795
