SR_44100:1.00180386662204,-1.99533207191168,0.993560608915225,1.99533207191168,-0.995364475537265,0.966982300557828,-1.88966552836914,0.923304814267798,1.88966552836914,-0.890287114825626,1.32525951021118,-1.33943649567933,0.244470724239806,1.33943649567933,-0.569730234450987,1.12198616474567,0.43503915535518,-0.0642356249310877,-0.43503915535518,-0.0577505398145827
SR_48000:1.00165761449443,-1.99571295292584,0.994082695545781,1.99571295292584,-0.995740310040208,0.969529379782632,-1.8982236429579,0.929221298987246,1.8982236429579,-0.898750678769878,1.30379395104985,-1.39943945759595,0.294332013019392,1.39943945759595,-0.598125964069244,1.11427239896329,0.289187178598391,0.0030610587961344,-0.289187178598391,-0.117333457759422
