SR_44100:1.00186645179307,-1.99518542037644,0.993337194175213,1.99518542037644,-0.995203645968284,0.99826192683779,-1.98789581698814,0.989835672379912,1.98789581698814,-0.988097599217702,0.98157614131247,-1.86580290639644,0.892256471247637,1.86580290639644,-0.873832612560106,1.0807726179721,-1.67235857431428,0.756913152387606,1.67235857431428,-0.837685770359702,0.978456050554687,-1.47938187495254,0.81204558279852,1.47938187495254,-0.790501633353207
SR_48000:1.0017151366564,-1.99557710399357,0.993877354589618,1.99557710399357,-0.995592491246015,0.99840237310639,-1.98888897384487,0.990657008281129,1.98888897384487,-0.989059381387519,0.982986264349929,-1.87667562075941,0.900502932241918,1.87667562075941,-0.883489196591847,1.07469280678128,-1.70908777329744,0.775210468650969,1.70908777329744,-0.849903275432245,0.980038505091957,-1.53977416624266,0.825851283608175,1.53977416624266,-0.805889788700131
