SR_44100:1.00052387686001,-1.9974419759404,0.996936345285375,1.9974419759404,-0.997460222145389,0.945678314880953,-1.84057173564608,0.895433440117906,1.84057173564608,-0.841111754998859,1.45565101342482,-1.30425535517082,0.122894312350471,1.30425535517082,-0.578545325775289,0.774178368868238,-0.457647301901232,0.52580204807344,0.457647301901232,-0.299980416941678,1.43247682530557,0.444300248491185,0.167503479469999,-0.444300248491185,-0.599980304775572
SR_48000:1.00048136152222,-1.99765093511329,0.997184976834151,1.99765093511329,-0.997666338356372,0.949768147211609,-1.85261551606919,0.9033061652805,1.85261551606919,-0.853074312492108,1.42531515174097,-1.36985552405616,0.181289347231789,1.36985552405616,-0.606604498972761,0.786669136373935,-0.592091991925749,0.552031140209155,0.592091991925749,-0.33870027658309,1.4016568920253,0.212560235942467,0.22683032825701,-0.212560235942467,-0.628487220282314
