SR_44100:0.991986692917018,-1.95637387882301,0.964585768487504,1.95637387882301,-0.956572461404521,1.05334443049751,-1.72373925599546,0.688039445017168,1.72373925599546,-0.741383875514681,0.961129604527649,-1.64883857680182,0.828215096465786,1.64883857680182,-0.789344700993435,0.728135865450788,-0.764531217587085,0.476674973487411,0.764531217587085,-0.204810838938198,1.31002599001939,0.611807723353145,-0.370137456575732,-0.611807723353145,0.0601114665563451
SR_48000:0.992624775240588,-1.95986258187322,0.967405727200796,1.95986258187322,-0.960030502441384,1.04952278111708,-1.7448551123251,0.710388617190346,1.7448551123251,-0.759911398307428,0.963982118872297,-1.68492940456,0.840821577453968,1.68492940456,-0.804803696326265,0.742123348983131,-0.857499496856803,0.503600188181676,0.857499496856803,-0.245723537164807,1.28275185639063,0.516575231110364,-0.249601394169906,-0.516575231110364,-0.0331504622207292
