SR_44100:0.972306181862438,-1.91395825583706,0.941846351139869,1.91395825583706,-0.914152533002307,0.971162133422197,-1.86651124438361,0.897055414920261,1.86651124438361,-0.868217548342458,1.06217921893015,-1.75194330340273,0.72520343577812,1.75194330340273,-0.787382654708265,0.943909078172718,-1.55447287565664,0.799768243650378,1.55447287565664,-0.743677321823095,0.723331817620526,-0.854431724080228,0.53771522754268,0.854431724080228,-0.261047045163206
SR_48000:0.974467331661181,-1.92068727041638,0.946384502791835,1.92068727041638,-0.920851834453015,0.973363002641653,-1.87682693511028,0.90491201443675,1.87682693511028,-0.878275017078404,1.05761644025468,-1.77279360038312,0.745368306371472,1.77279360038312,-0.802984746626154,0.947929316617102,-1.60019267286512,0.81411957499669,1.60019267286512,-0.762048891613792,0.73809932022872,-0.943341798689229,0.562390242661074,0.943341798689229,-0.300489562889794
