SR_44100:0.962956283287084,-1.88473848920859,0.922212701639893,1.88473848920859,-0.885168984926977,0.994847057806313,-1.96291799135061,0.969865369420114,1.96291799135061,-0.964712427226428,1.02492622320769,-1.85175852043068,0.854230360077445,1.85175852043068,-0.879156583285133,0.879673872588328,-1.09013100484757,0.637876055868153,1.09013100484757,-0.517549928456481,0.81770880767664,0.175729218468577,0.451390924277105,-0.175729218468577,-0.269099731953745
SR_48000:0.965806767971727,-1.89364005314164,0.928198372687797,1.89364005314164,-0.894005140659524,0.995258946573729,-1.96601616277706,0.97227411288735,1.96601616277706,-0.96753305946108,1.02301291838911,-1.86518263232241,0.865419450062788,1.86518263232241,-0.888432368451902,0.887286296917434,-1.17716325976726,0.660785802751552,1.17716325976726,-0.548072099668987,0.827909669318125,-8.021173427313E-17,0.482090626250557,8.021173427313E-17,-0.310000295568681
