SR_44100:0.950446464742271,-1.8005828244351,0.85086762102954,1.8005828244351,-0.801314085771812,1.02351997095533,-1.91990642148717,0.916039085465939,1.91990642148717,-0.939559056421266,0.976745575846985,-1.825492988023,0.897228753108237,1.825492988023,-0.873974328955221,1.19416100367013,-1.21833317363373,0.415668483993738,1.21833317363373,-0.609829487663866,0.929362289955801,-0.633452055173579,0.586907592365579,0.633452055173579,-0.51626988232138
SR_48000:0.954102963110504,-1.81535260160621,0.861871927735811,1.81535260160621,-0.815974890846315,1.0216618559102,-1.92769994012467,0.922672131008166,1.92769994012467,-0.944333986918364,0.978525549033917,-1.84245913197606,0.905095215964993,1.84245913197606,-0.88362076499891,1.18109374158647,-1.29799621172892,0.454994676787662,1.29799621172892,-0.636088418374135,0.933851773367585,-0.773507030217228,0.61316228706687,0.773507030217228,-0.547014060434456
