SR_44100:1.00367604685817,-1.98197718312632,0.978502317724202,1.98197718312632,-0.982178364582376,1.03225314405724,-1.76929117517574,0.811382207548227,1.76929117517574,-0.843635351605468,0.943730057610727,-1.0597469012387,0.670930923942887,1.0597469012387,-0.614660981553614
SR_48000:1.00337981230535,-1.98344458153977,0.980234710302809,1.98344458153977,-0.98361452260816,1.02981962631256,-1.79221080019495,0.825613525402962,1.79221080019495,-0.855433151715526,0.947499118577767,-1.1599886459914,0.692972556782077,1.1599886459914,-0.640471675359845
