SR_44100:0.958875560874846,-1.87151394196283,0.913643681034709,1.87151394196283,-0.872519241909555,0.985919603449533,-1.83121287784965,0.877159351198506,1.83121287784965,-0.863078954648039,1.12449594384668,-1.47326874637183,0.62532690792968,1.47326874637183,-0.749822851776364,0.924540413195177,-1.02704345740611,0.666511809759723,1.02704345740611,-0.5910522229549,1.67632245753721,0.417195711210762,-1.03540628371093,-0.417195711210762,0.359083826173719
SR_48000:0.962020563896057,-1.88141536345685,0.920247804758318,1.88141536345685,-0.882268368654374,0.986991712626563,-1.84644360640602,0.886512680589503,1.84644360640602,-0.873504393216065,1.11551647522832,-1.53101797311159,0.652350802591942,1.53101797311159,-0.76786727782026,0.929526922022097,-1.12907816856157,0.688549325133453,1.12907816856157,-0.61807624715555,1.60971102001421,0.387386610701445,-0.834937798611322,-0.387386610701445,0.225226778597111
