SR_44100:1.00070713062715,-1.99655356180424,0.995864669266615,1.99655356180424,-0.996571799893766,0.937297321983278,-1.80457381904109,0.868332004570053,1.80457381904109,-0.805629326553332,1.10267169483771,-1.54542257386883,0.546249864992099,1.54542257386883,-0.648921559829806,1.04357507130311,-1.47793143047376,0.745171083459806,1.47793143047376,-0.788746154762916,0.618864899177094,-0.158130407864257,0.114680070370407,0.158130407864257,0.266455030452499
SR_48000:1.00064976673561,-1.99683450559274,0.996200135804985,1.99683450559274,-0.996849902540597,0.941934320011871,-1.81910539446514,0.878069136293113,1.81910539446514,-0.820003456304985,1.09565159528336,-1.58414430169905,0.577274687613239,1.58414430169905,-0.672926282896603,1.04037422010693,-1.53838797131502,0.763889800789163,1.53838797131502,-0.804264020896092,0.632969566083224,-0.250855431882512,0.147443105540409,0.250855431882512,0.219587328376368
