SR_44100:1.00197997367442,-1.99486130160427,0.992931947034555,1.99486130160427,-0.994911920708979,0.969976333437816,-1.86418784411732,0.909643160744299,1.86418784411732,-0.879619494182115,1.0781847931751,-1.79820614409402,0.795580510829533,1.79820614409402,-0.873765304004636,1.20798410186792,-1.30539540278963,0.516883986722243,1.30539540278963,-0.72486808859016,0.807882220630065,-0.708336003107428,0.497694926027219,0.708336003107428,-0.305577146657284
SR_48000:1.00181947673795,-1.99528162458391,0.993504884373302,1.99528162458391,-0.995324361111249,0.972280640737004,-1.87576595636097,0.916578020742068,1.87576595636097,-0.888858661479072,1.07219668364929,-1.81925707557776,0.811236832738871,1.81925707557776,-0.883433516388156,1.19313869143893,-1.38400993987614,0.551367658490951,1.38400993987614,-0.744506349929884,0.818550481501327,-0.818259555475603,0.525587823726091,0.818259555475603,-0.344138305227418
