SR_44100:0.989686662897909,-1.94398133100098,0.954420952046687,1.94398133100098,-0.944107614944597,0.977906566008117,-1.83700509930882,0.870796634900699,1.83700509930882,-0.848703200908816,1.23477572692282,-1.28700749010023,0.161904375635518,1.28700749010023,-0.396680102558338,0.815243804058757,-0.556547372344559,0.516942289393759,0.556547372344559,-0.332186093452516,1.47865256085906,0.288281621974974,-0.440514682352192,-0.288281621974974,-0.0381378785068718
SR_48000:0.990503076728818,-1.94842527144509,0.95802903396822,1.94842527144509,-0.948532110697038,0.979576809768947,-1.85020398875087,0.880564293224644,1.85020398875087,-0.860141102993591,1.22083703070341,-1.33735336573181,0.211662331723846,1.33735336573181,-0.432499362427259,0.825704076959658,-0.684997732639268,0.544291388318878,0.684997732639268,-0.369995465278535,1.44773307424357,0.143614212748015,-0.347461854304057,-0.143614212748015,-0.100271219939508
