SR_44100:0.959331161750202,-1.87350361964844,0.914600387444574,1.87350361964844,-0.873931549194775,1.10769873777652,-1.65374967087469,0.615540149473144,1.65374967087469,-0.723238887249667,0.949179617679163,-0.816972024954322,0.556631184764153,0.816972024954322,-0.505810802443316,1.16916509904552,0.196838944582187,0.252387070731984,-0.196838944582187,-0.421552169777504
SR_48000:0.962443396099609,-1.8832160192449,0.921135700944028,1.8832160192449,-0.883579097043637,1.10004397525046,-1.68352166154262,0.642865900149023,1.68352166154262,-0.742909875399484,0.952390067830773,-0.935684558010703,0.584639897313913,0.935684558010703,-0.537029965144686,1.15835458352934,-8.93055172091336E-17,0.300163362754108,8.93055172091336E-17,-0.458517946283445
