SR_44100:0.989967897661895,-1.96364061727535,0.973770382295847,1.96364061727535,-0.963738279957743,1.08282774949171,-1.77247914599983,0.704323886737329,1.77247914599983,-0.787151636229037,0.941679980249632,-1.10521590445815,0.74225888763965,1.10521590445815,-0.683938867889282,0.926045592113218,-0.668101709816111,0.673163839205145,0.668101709816111,-0.599209431318363,1.1127717133775,0.22354008576586,0.501613563007815,-0.22354008576586,-0.614385276385316
SR_48000:0.990769415993647,-1.96655286383656,0.975866006793703,1.96655286383656,-0.96663542278735,1.07675173884674,-1.79026964598012,0.726013854443445,1.79026964598012,-0.802765593290189,0.945733122975124,-1.206256697961,0.760171458984704,1.206256697961,-0.705904581959827,0.930961058371529,-0.812924222726428,0.694887387081326,0.812924222726428,-0.625848445452855,1.10503777548165,-1.00468598390844E-16,0.535793142588473,1.00468598390844E-16,-0.64083091807012
