SR_44100:0.988877852551613,-1.93933846174143,0.950846473175879,1.93933846174143,-0.939724325727492,1.1056837964613,-1.27488367092231,0.38195655124112,1.27488367092231,-0.487640347702425,0.938552648813944,-0.449327632257597,0.640653211601526,0.449327632257597,-0.579205860415471,1.20722455616132,0.358613197800343,0.0841860506561078,-0.358613197800343,-0.291410606817427
SR_48000:0.98975647832177,-1.94415946495598,0.954729496266712,1.94415946495598,-0.944485974588481,1.09906195707166,-1.33557643095774,0.420681356656302,1.33557643095774,-0.519743313727965,0.942600894086278,-0.614944883527608,0.664327526428501,0.614944883527608,-0.606928420514779,1.19407487232261,0.1744319401731,0.142300128022366,-0.1744319401731,-0.336375000344981
