SR_44100:0.970491707090738,-1.92386454577426,0.953468523082415,1.92386454577426,-0.923960230173153,1.05991830960707,-1.43933009851731,0.649595113410641,1.43933009851731,-0.709513423017712,0.856755592062895,-1.03494985633182,0.625477698310859,1.03494985633182,-0.482233290373754,0.867247036494294,-0.617931282101405,0.526102296460462,0.617931282101405,-0.393349332954756,1.1127717133775,0.22354008576586,0.501613563007815,-0.22354008576586,-0.614385276385316
SR_48000:0.972805286892227,-1.92984106445724,0.957116795297314,1.92984106445724,-0.929922082189541,1.05568913503761,-1.49823836413925,0.674327510654428,1.49823836413925,-0.730016645692039,0.865625130892146,-1.12533889209369,0.6486677142081,1.12533889209369,-0.514292845100246,0.875077708611714,-0.746720313692805,0.554056004126333,0.746720313692805,-0.429133712738048,1.10503777548165,-1.00468598390844E-16,0.535793142588473,1.00468598390844E-16,-0.64083091807012
