SR_44100:0.996168977446111,-1.97356466300641,0.977596013099834,1.97356466300641,-0.973764990545944,0.954790623452783,-1.66948159072477,0.800200427738638,1.66948159072477,-0.754991051191421,1.16934715487245,-1.37660493246565,0.60663184547699,1.37660493246565,-0.775979000349438,0.909335420663921,-0.957336936883498,0.599314444168775,0.957336936883498,-0.508649864832696,0.951807957047993,0.154211651921475,0.161893952191897,-0.154211651921475,-0.113701909239889
SR_48000:0.996476495759739,-1.97570161171072,0.979394393603518,1.97570161171072,-0.975870889363257,0.958050208618004,-1.69965768769004,0.81460592879837,1.69965768769004,-0.772656137416375,1.15696083954545,-1.45005313516576,0.635403406506123,1.45005313516576,-0.79236424605157,0.915054173621839,-1.05981977614099,0.624588059558427,1.05981977614099,-0.539642233180265,0.954431613573097,-7.11467807207159E-17,0.20752186639448,7.11467807207159E-17,-0.161953479967578
