SR_44100:1.00362679553198,-1.99599273318415,0.992384170618642,1.99599273318415,-0.996010966150618,0.954673199894174,-1.84877767445793,0.894712611372234,1.84877767445793,-0.849385811266408,0.949000682575059,-1.74906560579111,0.846516509994816,1.74906560579111,-0.795517192569875,1.17561822533768,-1.33779834085436,0.592065085157634,1.33779834085436,-0.767683310495314,1.09255423276796,-1.25386386714367,0.758010628222572,1.25386386714367,-0.850564860990534
SR_48000:1.0033326582028,-1.99631908845433,0.99300182322517,1.99631908845433,-0.996334481427974,0.958100036475866,-1.86025618327926,0.902672641069851,1.86025618327926,-0.860772677545717,0.952754219755573,-1.77100184208975,0.857812856993526,1.77100184208975,-0.810567076749099,1.16282300426911,-1.41582589004032,0.621786473168253,1.41582589004032,-0.78460947743736,1.08554068209055,-1.35056635789394,0.776348036157338,1.35056635789394,-0.861888718247891
