SR_44100:0.99855473663872,-1.99008459450198,0.991548036860148,1.99008459450198,-0.990102773498868,0.99860788518891,-1.99033744178135,0.991858851898554,1.99033744178135,-0.990466737087463,1.00284504361604,-1.97621762855332,0.975179178909485,1.97621762855332,-0.978024222525523,1.38834943074179,-1.06423305642126,-0.0153661476610358,1.06423305642126,-0.372983283080757,1.24931666365972,0.188220865709296,0.109996558702802,-0.188220865709296,-0.35931322236252
SR_48000:0.998671630332497,-1.99088791551396,0.992231636277079,1.99088791551396,-0.990903266609576,0.998720499151704,-1.99112874157513,0.992517423262132,1.99112874157513,-0.991237922413835,1.00261621611942,-1.97826539155848,0.977175523120933,1.97826539155848,-0.979791739240351,1.36523803269483,-1.14095522381706,0.0450601832265445,1.14095522381706,-0.410298215921373,1.23353497288155,-8.57143964426551E-17,0.166333583656869,8.57143964426551E-17,-0.399868556538414
