SR_44100:0.951009978932813,-1.8563881377412,0.90569662998634,1.8563881377412,-0.856706608919154,1.03209486176386,-1.81970070686738,0.812307849299914,1.81970070686738,-0.844402711063769,1.13815629823401,-1.70317591155176,0.679083548153054,1.70317591155176,-0.81723984638706,0.735444372529304,-0.698882907154386,0.385476779782878,0.698882907154386,-0.120921152312182,1.24774353066453,-0.00630756908975805,0.523105944194088,0.00630756908975805,-0.770849474858619
SR_48000:0.954727143490617,-1.86730873419496,0.91285198809928,1.86730873419496,-0.867579131589896,1.02967261329612,-1.83515479742183,0.826473263931809,1.83515479742183,-0.856145877227933,1.12785558699045,-1.73370231984573,0.703010562310475,1.73370231984573,-0.830866149300925,0.748304450203459,-0.78988870735876,0.415348820004134,0.78988870735876,-0.163653270207593,1.22950249348644,-0.233344484449628,0.558219039493219,0.233344484449628,-0.787721532979657
