SR_44100:1.00251317371822,-1.99721757050747,0.994722640944354,1.99721757050747,-0.997235814662571,1.01793729895244,-1.88031859671827,0.895101893788955,1.88031859671827,-0.913039192741394,1.09435824377776,-1.24496625967161,0.663162660512783,1.24496625967161,-0.757520904290546,1.21938659478574,-1.17947242010011,0.577691644677121,1.17947242010011,-0.797078239462864,1.10451873444239,0.490531034339117,0.088154292757645,-0.490531034339117,-0.19267302720003
SR_48000:1.00230923757263,-1.99744471795884,0.995150882039222,1.99744471795884,-0.997460119611853,1.01653792661027,-1.89209359489344,0.903285484248535,1.89209359489344,-0.919823410858803,1.0875261418119,-1.3345741837711,0.687551701227712,1.3345741837711,-0.775077843039616,1.20315435881711,-1.28134272215362,0.608937896900608,1.28134272215362,-0.812092255717716,1.09787609428429,0.321966316735677,0.146106227836333,-0.321966316735677,-0.243982322120626
