SR_44100:0.981050290884767,-1.94450198506067,0.963522746236539,1.94450198506067,-0.944573037121306,1.02159428509977,-1.79149540491187,0.811606442861759,1.79149540491187,-0.833200727961524,0.764522234585166,-0.961183221636567,0.505525340843881,0.961183221636567,-0.270047575429047,0.893873284606913,-0.347221749031548,0.0741258935902864,0.347221749031548,0.0320008218028007,1.14308550412348,0.209187111619464,0.367643955655636,-0.209187111619464,-0.510729459779118
SR_48000:0.982550682165137,-1.94890149691759,0.966410925318641,1.94890149691759,-0.948961607483778,1.01997355166955,-1.8102546637755,0.825746097621317,1.8102546637755,-0.845719649290872,0.777205352340295,-1.03878806302199,0.532158345102079,1.03878806302199,-0.309363697442374,0.898748882457527,-0.455055452195731,0.116661741293006,0.455055452195731,-0.0154106237505325,1.13365456116515,-9.44770262498639E-17,0.409323326463342,9.44770262498639E-17,-0.54297788762849
