SR_44100:0.978267923130521,-1.8995783050989,0.922421458251302,1.8995783050989,-0.900689381381823,0.943393824388975,-1.78091531313316,0.868512306265283,1.78091531313316,-0.811906130654258,1.14924280326008,-1.25423647745531,0.340432217124068,1.25423647745531,-0.489675020384151,0.935457910042813,-0.573338232560063,0.436919821332578,0.573338232560063,-0.372377731375391,1.55617916212302,0.0639125562212758,-1.45799361061311,-0.0639125562212758,0.901814448490091
SR_48000:0.979952949434613,-1.90744789097884,0.928436616593727,1.90744789097884,-0.90838956602834,0.947594330303145,-1.79949111593134,0.878269454301011,1.79949111593134,-0.825863784604156,1.1398627638939,-1.31787362740388,0.381886623185174,1.31787362740388,-0.521749387079076,0.939245072217213,-0.704602487845912,0.46995990347461,0.704602487845912,-0.409204975691823,1.53082278242796,0.0924449296556793,-1.3459329231166,-0.0924449296556793,0.815110140688641
