SR_44100:0.976073370450082,-1.91999639821306,0.944422012184993,1.91999639821306,-0.920495382635075,0.977408824634968,-1.80870704426527,0.867885821652584,1.80870704426527,-0.845294646287553,1.07555290058331,-1.50520379685061,0.666099416259718,1.50520379685061,-0.741652316843025,0.733246177614489,-0.6051514767792,0.523874273580835,0.6051514767792,-0.257120451195324,1.32686326876653,0.372983978008241,0.0162983000973443,-0.372983978008241,-0.343161568863877
SR_48000:0.977946264607636,-1.92629616901062,0.948772465659862,1.92629616901062,-0.926718730267497,0.979113893388231,-1.82587587986613,0.877857138050395,1.82587587986613,-0.856971031438626,1.07013086118328,-1.55774868056042,0.69006172752446,1.55774868056042,-0.760192588707742,0.747499723285834,-0.720471801227471,0.549315257804146,0.720471801227471,-0.29681498108998,1.30534530570697,0.180961820441517,0.0810570505069969,-0.180961820441517,-0.386402356213966
