SR_44100:0.979739196902155,-1.91820109951494,0.939024698235583,1.91820109951494,-0.918763895137738,1.00447231208208,-1.91419262179186,0.92222218494843,1.91419262179186,-0.926694497030512,1.0807726179721,-1.67235857431428,0.756913152387606,1.67235857431428,-0.837685770359702,0.913859234385337,-0.287715853850193,0.619307111963808,0.287715853850193,-0.533166346349145,1.1883656984862,0.35477313969744,-0.643346089796233,-0.35477313969744,0.454980391310038
SR_48000:0.981323843790861,-1.92464093591374,0.943793725492906,1.92464093591374,-0.925117569283767,1.0041211561907,-1.92186411550904,0.928329124149653,1.92186411550904,-0.932450280340354,1.07469280678128,-1.70908777329744,0.775210468650969,1.70908777329744,-0.849903275432245,0.919394846728782,-0.46354376611744,0.643771350643803,0.46354376611744,-0.563166197372584,1.17235333807232,0.334351399200102,-0.50365053967212,-0.334351399200102,0.331297201599795
