SR_44100:1.00492278263292,-1.98296561878028,0.978244117935,1.98296561878028,-0.983166900567922,1.04658891105244,-1.61452507667447,0.72754601722402,1.61452507667447,-0.774134928276457,1.31691718793472,0.126881283078448,-0.400592607719285,-0.126881283078448,0.0836754197845681
SR_48000:1.00452589788011,-1.98435400030917,0.979998121416234,1.98435400030917,-0.984524019296347,1.04319215473536,-1.65430104770903,0.747410396240435,1.65430104770903,-0.790602550975793,1.29904338920252,-5.98491296909086E-17,-0.321600646004255,5.98491296909086E-17,0.0225572568017326
