SR_44100:0.982545699109084,-1.93675099970019,0.954364536541554,1.93675099970019,-0.936910235650638,1.16955452790647,-1.67734981551477,0.673615911274526,1.67734981551477,-0.843170439180999,1.06373039146516,-1.54014170751016,0.718348140866544,1.54014170751016,-0.782078532331704,0.785952652624119,-0.178451846765451,0.440358570612621,0.178451846765451,-0.22631122323674,1.14028827827281,0.542848104595653,0.179588033101007,-0.542848104595653,-0.319876311373816
SR_48000:0.983922688376046,-1.94175270053936,0.957964769158594,1.94175270053936,-0.941887457534641,1.15674775519847,-1.71381138063159,0.698268315969503,1.71381138063159,-0.855016071167972,1.05906363438933,-1.59123978293566,0.738972536485555,1.59123978293566,-0.798036170874885,0.797378393603647,-0.328081699175513,0.47023195186207,0.328081699175513,-0.267610345465717,1.13111407669453,0.353120602902847,0.233239163859981,-0.353120602902847,-0.364353240554508
