SR_44100:1.00271353177783,-1.9945147119808,0.991833570554851,1.9945147119808,-0.994547102332683,0.981441084450359,-1.87214741179054,0.891466652830507,1.87214741179054,-0.872907737280866,1.13433636722772,-1.69868535444556,0.687956677503714,1.69868535444556,-0.82229304473143,0.978438773736849,-1.11960058988267,0.625029506483018,1.11960058988267,-0.603468280219867,1.36249488198993,0.147948649226443,-0.294023783600726,-0.147948649226443,-0.0684710983892024
SR_48000:1.00249360944102,-1.99496169395528,0.992495431330425,1.99496169395528,-0.994989040771441,0.982860712472316,-1.88198428178107,0.899768699388476,1.88198428178107,-0.882629411860792,1.12429584568896,-1.73028930160768,0.711279309827388,1.73028930160768,-0.835575155516344,0.979875740441052,-1.21124839356557,0.650019741623927,1.21124839356557,-0.629895482064979,1.34095436384597,-6.88121802203105E-17,-0.217129062670189,6.88121802203105E-17,-0.123825301175782
