SR_44100:0.992582866162995,-1.97006087812783,0.977677983851164,1.97006087812783,-0.970260850014159,1.01399822658161,-1.8849659616781,0.877876221085688,1.8849659616781,-0.891874447667297,0.979102037630761,-1.72432848108446,0.817681324040452,1.72432848108446,-0.796783361671212,1.08946872022537,-1.35764931366632,0.604599457080968,1.35764931366632,-0.69406817730634,0.86101239749747,-0.426114148739013,0.636607407261871,0.426114148739013,-0.497619804759341
SR_48000:0.993177270890787,-1.97247512673266,0.979466857049936,1.97247512673266,-0.972644127940723,1.01291724985203,-1.89436640598954,0.887306913064023,1.89436640598954,-0.900224162916057,0.980641682698105,-1.75002116543926,0.831113545094649,1.75002116543926,-0.811755227792754,1.08319857639485,-1.42639317157936,0.632309904581781,1.42639317157936,-0.715508480976627,0.86972570891029,-0.585166848407003,0.659388955893748,0.585166848407003,-0.529114664804038
