SR_44100:1.00407190507309,-1.99621545399456,0.992161783922447,1.99621545399456,-0.996233688995541,0.994669763610624,-1.94759612368155,0.953497780123632,1.94759612368155,-0.948167543734255,0.977374488907665,-1.79120320529403,0.867685024822524,1.79120320529403,-0.845059513730189,1.06108597604387,-1.63097616600124,0.781937043052013,1.63097616600124,-0.843023019095885,1.16226614395974,0.594368533343207,0.282876504129697,-0.594368533343207,-0.445142648089441
SR_48000:1.003741634983,-1.99652377795867,0.992797537527612,1.99652377795867,-0.996539172510612,0.995092529072941,-1.95179525516942,0.957186084177836,1.95179525516942,-0.952278613250777,0.979081968541064,-1.81096920290492,0.87767044015247,1.81096920290492,-0.856752408693534,1.05647670332104,-1.67417637646324,0.798391091991131,1.67417637646324,-0.854867795312175,1.15133585985453,0.383703883952772,0.331182104775099,-0.383703883952772,-0.482517964629625
