SR_44100:1.00110973082678,-1.99460175631528,0.993510245748687,1.99460175631528,-0.994619976575471,0.985461396465395,-1.89923358309281,0.914977612751116,1.89923358309281,-0.900439009216511,1.01618576729267,-1.81365598343718,0.858791608002248,1.81365598343718,-0.874977375294922,0.962005000559003,-1.37282791254795,0.668522802904331,1.37282791254795,-0.630527803463335,0.974276291828278,-0.828422694965419,0.552639936592,0.828422694965419,-0.526916228420278
SR_48000:1.00101978801054,-1.99504064015352,0.994036235258916,1.99504064015352,-0.99505602326946,0.986588554742363,-1.90713618662952,0.921569283490815,1.90713618662952,-0.908157838233178,1.01494591171456,-1.83248392212401,0.869608395944992,1.83248392212401,-0.884554307659549,0.964571237851304,-1.43368989250331,0.690911252891155,1.43368989250331,-0.655482490742459,0.975922641246967,-0.947959754304811,0.581271538825226,0.947959754304811,-0.557194180072193
