SR_44100:1.00122031353125,-1.9940757710799,0.992863553272384,1.9940757710799,-0.99408386680363,0.995212587666423,-1.95248654931506,0.958233503223499,1.95248654931506,-0.953446090889922,1.07235892311019,-1.24812972025402,0.576841863323142,1.24812972025402,-0.649200786433334,0.917556600907609,-0.880689595800947,0.705695929716864,0.880689595800947,-0.623252530624472,1.16969667039259,-0.20659865019281,0.250037829581517,0.20659865019281,-0.419734499974111
SR_48000:1.00112143250574,-1.99455641106921,0.993441813820048,1.99455641106921,-0.994563246325788,0.99559324498907,-1.95633619539703,0.961554446090231,1.95633619539703,-0.957147691079301,1.06740517615817,-1.32745211161032,0.605811591446318,1.32745211161032,-0.673216767604484,0.923101737593285,-1.00359954834531,0.725490798861476,1.00359954834531,-0.648592536454761,1.15913026924673,-0.376805730163224,0.29673527578674,0.376805730163224,-0.455865545033471
