SR_44100:0.996300492574575,-1.96382579182378,0.967724638240387,1.96382579182378,-0.964025130814962,1.00512753474889,-1.95636589187695,0.95526619630007,1.95636589187695,-0.960393731048959,0.927484793265485,-1.66780885380376,0.810404032347293,1.66780885380376,-0.737888825612778,1.1272243374205,-1.45509465228093,0.617115751605207,1.45509465228093,-0.744340089025711,0.872028965219083,-0.190116521904096,0.434441260556491,0.190116521904096,-0.306470225775573
SR_48000:0.996596108157749,-1.96673125630947,0.970303657226303,1.96673125630947,-0.966899765384052,1.00471849497989,-1.96014768244153,0.958834754218815,1.96014768244153,-0.963553249198707,0.932664701588556,-1.6967568575066,0.823947256935488,1.6967568575066,-0.756611958524044,1.11807251587632,-1.51490220438497,0.644658345926669,1.51490220438497,-0.762730861802985,0.879281207693217,-0.348311742242568,0.466492022034131,0.348311742242568,-0.345773229727349
