SR_44100:1.00258012325298,-1.98739260599492,0.984911326741786,1.98739260599492,-0.987491449994762,0.982937947106709,-1.78663527608012,0.851146688959714,1.78663527608012,-0.834084636066422,1.07014224768843,-1.55764123801616,0.690011405687908,1.55764123801616,-0.760153653376333,0.929453700751031,-1.136683499577,0.748165853895513,1.136683499577,-0.677619554646543,1.28081450495098,0.143975182017819,-0.241039409499346,-0.143975182017819,-0.0397750954516349
SR_48000:1.00237169249189,-1.98841845450824,0.986130238918674,1.98841845450824,-0.988501931410568,0.984218658898754,-1.80618727669873,0.862319915999069,1.80618727669873,-0.846538574897822,1.0650620133297,-1.60436804079043,0.712463134275684,1.60436804079043,-0.777525147605385,0.934338269533546,-1.23309357292552,0.765602646775212,1.23309357292552,-0.699940916308758,1.26454987859127,-6.70711272803203E-17,-0.169159068785813,6.70711272803203E-17,-0.0953908098054606
