SR_44100:1.0014855801704,-1.9949019429714,0.993434585803336,1.9949019429714,-0.994920165973734,0.996544404764096,-1.97553361999214,0.979791528421345,1.97553361999214,-0.976335933185441,1.00512753474889,-1.95636589187695,0.95526619630007,1.95636589187695,-0.960393731048959,1.09225795587468,-1.17511932916232,0.460471452261739,1.17511932916232,-0.552729408136422,1.31691718793472,0.126881283078448,-0.400592607719285,-0.126881283078448,0.0836754197845681
SR_48000:1.00136515840656,-1.99531655424857,0.993966781085429,1.99531655424857,-0.995331939491994,0.996822119445296,-1.97755984276431,0.98141561598336,1.97755984276431,-0.978237735428656,1.00471849497989,-1.96014768244153,0.958834754218815,1.96014768244153,-0.963553249198707,1.08625479079321,-1.25495250555583,0.495578223352977,1.25495250555583,-0.581833014146191,1.29904338920252,-5.98491296909086E-17,-0.321600646004255,5.98491296909086E-17,0.0225572568017326
