SR_44100:1.00023166293736,-1.99617040406805,0.995971158370549,1.99617040406805,-0.996202821307908,0.996208623960455,-1.96284486363478,0.96692315512004,1.96284486363478,-0.963131779080495,1.21259845248964,-1.43033720655106,0.553569114490538,1.43033720655106,-0.766167566980179,0.861420903624203,-0.140924958339443,0.50530433523428,0.140924958339443,-0.366725238858482,1.20327747329432,0.700145932498642,0.101629898121765,-0.700145932498642,-0.304907371416082
SR_48000:1.00021287315447,-1.99648343627254,0.996297930794184,1.99648343627254,-0.996510803948655,0.996511454424242,-1.96583402283622,0.969565118399634,1.96583402283622,-0.966076572823876,1.19711559650887,-1.49551469391029,0.586081228406549,1.49551469391029,-0.783196824915419,0.869535688498421,-0.309816813591739,0.534272260432004,0.309816813591739,-0.403807948930425,1.18892431886228,0.518148371742643,0.165062626797591,-0.518148371742643,-0.353986945659868
