SR_44100:1.00494424311209,-1.99003212467656,0.985120199120414,1.99003212467656,-0.990064442232506,1.01634115229927,-1.83114870873495,0.857435993126263,1.83114870873495,-0.873777145425528,0.98433837958606,-1.75767605878905,0.863364387072806,1.75767605878905,-0.847702766658867,1.15426129831236,-0.963691753817222,0.44932246268001,0.963691753817222,-0.603583760992365
SR_48000:1.00454435632186,-1.99084073259893,0.986323666603339,1.99084073259893,-0.990868022925196,1.01509013521242,-1.84725051478949,0.868350156662712,1.84725051478949,-0.883440291875132,0.985521943509658,-1.78264917326213,0.87369007355128,1.78264917326213,-0.859212017060938,1.143903744232,-1.07486574887083,0.486296560759238,1.07486574887083,-0.630200304991235
