SR_44100:0.957358393349971,-1.87490236408017,0.917917014071503,1.87490236408017,-0.875275407421474,1.25539455689528,-1.51261589357597,0.40675657883484,1.51261589357597,-0.662151135730118,0.769904954055262,-0.892088002526002,0.589306087852183,0.892088002526002,-0.359211041907446,0.917349264144011,-0.399037320513326,0.634731046249523,0.399037320513326,-0.552080310393534,1.20722455616132,0.358613197800343,0.0841860506561078,-0.358613197800343,-0.291410606817427
SR_48000:0.960623724821331,-1.88450984879283,0.924202615817593,1.88450984879283,-0.884826340638924,1.23775129264462,-1.55719021206561,0.447739247266849,1.55719021206561,-0.685490539911473,0.783053806463736,-0.987000239429629,0.612775318203137,0.987000239429629,-0.395829124666873,0.922710824244479,-0.566628788038417,0.658426073620854,0.566628788038417,-0.581136897865333,1.19407487232261,0.1744319401731,0.142300128022366,-0.1744319401731,-0.336375000344981
