SR_44100:1.00407190507309,-1.99621545399456,0.992161783922447,1.99621545399456,-0.996233688995541,0.973243911638361,-1.87663314294207,0.904486886805078,1.87663314294207,-0.877730798443438,1.08452199161151,-1.70601060297537,0.745629335651084,1.70601060297537,-0.830151327262595,0.740396870914766,-0.337648795137729,0.218719067624581,0.337648795137729,0.0408840614606534,1.1295761574582,-1.84799042323612,0.75057229910209,1.84799042323612,-0.880148456560286
SR_48000:1.003741634983,-1.99652377795867,0.992797537527612,1.99652377795867,-0.996539172510612,0.975295419863162,-1.88617454885309,0.911810301747027,1.88617454885309,-0.887105721610189,1.07818339507584,-1.73718350930268,0.764705471708409,1.73718350930268,-0.842888866784253,0.751866865222069,-0.444546625094983,0.253238250341397,0.444546625094983,-0.00510511556346612,1.11961943008778,-1.86206816296111,0.769738507339681,1.86206816296111,-0.88935793742746
