SR_44100:1.00121208217898,-1.99583714104386,0.994643290410044,1.99583714104386,-0.995855372589027,0.98746435471823,-1.95805970651786,0.970881567783297,1.95805970651786,-0.958345922501527,1.03110867163043,-1.74526220744819,0.728600725644488,1.74526220744819,-0.759709397274918,0.932105790750409,-0.719700117227385,0.602951704609341,0.719700117227385,-0.535057495359749
SR_48000:1.0011137879789,-1.99617609063124,0.995077694523372,1.99617609063124,-0.996191482502268,0.98846336801715,-1.96142348872126,0.973202126507983,1.96142348872126,-0.961665494525132,1.02885931796997,-1.76476599348438,0.748224609250644,1.76476599348438,-0.777083927220614,0.936463865127857,-0.852306594632051,0.628437913549345,0.852306594632051,-0.564901778677202
