SR_44100:1.00148359137414,-1.99615509264864,0.994703918265707,1.99615509264864,-0.996187509639847,0.953618773791412,-1.81237670793379,0.860414750066194,1.81237670793379,-0.814033523857606,1.14463333092759,-1.5969626988376,0.621846264157477,1.5969626988376,-0.766479595085063,0.915010790457042,-1.05906117769131,0.624396330797013,1.05906117769131,-0.539407121254055,1.33220556098304,0.871229796738436,0.131425839758238,-0.871229796738436,-0.463631400741275
SR_48000:1.00136326064915,-1.99646936458611,0.995133471420174,1.99646936458611,-0.996496732069322,0.957063810685547,-1.82643726643627,0.870782659136479,1.82643726643627,-0.827846469822026,1.13411432026968,-1.63863036437132,0.649348936965626,1.63863036437132,-0.783463257235307,0.920464820774489,-1.15212620174423,0.648500023609241,1.15212620174423,-0.568964844383731,1.30704308795247,0.6653162715685,0.19721484647282,-0.6653162715685,-0.504257934425286
