SR_44100:0.98267475316591,-1.94233418871134,0.959756038541571,1.94233418871134,-0.942430791707481,1.00679201979998,-1.94042511572994,0.940744842241377,1.94042511572994,-0.947536862041355,1.01533935041474,-1.82659486241239,0.866175945372953,1.82659486241239,-0.881515295787693,1.06218689601638,-1.55735706527526,0.725169507450328,1.55735706527526,-0.787356403466712,1.30067301154396,0.658526834286052,-0.0733338520226185,-0.658526834286052,-0.227339159521337
SR_48000:0.984045137925453,-1.94690264163915,0.96293923771757,1.94690264163915,-0.946984375643023,1.00625345021294,-1.94568046838844,0.945443448367915,1.94568046838844,-0.951696898580858,1.01416062031738,-1.84400177675517,0.87645946042901,1.84400177675517,-0.890620080746387,1.05762133545767,-1.6064562578824,0.745346672375655,1.6064562578824,-0.802968007833325,1.27864874410142,0.491341221904497,0.00528774321361731,-0.491341221904497,-0.283936487315041
