SR_44100:0.985821979798028,-1.92253084702234,0.937341264396591,1.92253084702234,-0.923163244194619,1.05214141801482,-1.79805376469927,0.813867068546038,1.79805376469927,-0.866008486560857,1.12339593068772,-1.35804407146786,0.628637420054435,1.35804407146786,-0.752033350742154,0.804636199200848,-0.88483538338086,0.589759786273565,0.88483538338086,-0.394395985474413,1.19459942044506,0.416515510571136,0.305324596726814,-0.416515510571136,-0.49992401717187
SR_48000:0.98693322843184,-1.92865009223326,0.942252347421144,1.92865009223326,-0.929185575852984,1.04816361038325,-1.81850063502555,0.828066931599518,1.81850063502555,-0.876230541982764,1.11448346012166,-1.43191408162538,0.655459682706502,1.43191408162538,-0.769943142828158,0.816080387605785,-0.984258642840879,0.613791189624453,0.984258642840879,-0.429871577230238,1.18154057449238,0.200159600649907,0.351941688687885,-0.200159600649907,-0.533482263180264
