SR_44100:1.00197909870417,-1.99320024600992,0.991253516311084,1.99320024600992,-0.993232615015255,0.997322790374019,-1.97372377181072,0.976643401607733,1.97372377181072,-0.973966191981752,0.941356266735166,-0.775697231402701,0.488378454642677,0.775697231402701,-0.429734721377843,1.0404376125451,-1.33110111022619,0.763519079047268,1.33110111022619,-0.80395669159237,1.13341039844056,-0.00549888962197201,0.410402385978453,0.00549888962197201,-0.543812784419009
SR_48000:1.00181879672969,-1.99375342577828,0.991961959301879,1.99375342577828,-0.993780756031573,0.997537711890525,-1.97585129416144,0.978518426819868,1.97585129416144,-0.976056138710393,0.944903691806059,-0.891367177248282,0.519327014629701,0.891367177248282,-0.46423070643576,1.03744435910398,-1.41321515142342,0.781023755655259,1.41321515142342,-0.818468114759241,1.124581710748,-0.205448467233363,0.449420133165451,0.205448467233363,-0.574001843913454
