SR_44100:0.992642903679386,-1.97554544696635,0.982910563779665,1.97554544696635,-0.975553467459052,0.99688628327105,-1.97802648020224,0.981790848833451,1.97802648020224,-0.978677132104501,1.00385778123482,-1.97983150345636,0.977439527167279,1.97983150345636,-0.981297308402097,0.992604388412166,-1.91557246852784,0.935478967337521,1.91557246852784,-0.928083355749687,1.51019067063642,0.166275129954788,-1.25475079618561,-0.166275129954788,0.744560125549197
SR_48000:0.993233949308255,-1.97751064698969,0.984283474522937,1.97751064698969,-0.977517423831192,0.997136794451044,-1.97984294643123,0.983255849134542,1.97984294643123,-0.980392643585586,1.00354702782184,-1.9815656016301,0.97925682667299,1.9815656016301,-0.982803854494829,0.993185433445745,-1.92314037772732,0.940548139121986,1.92314037772732,-0.933733572567731,1.47291809478965,0.191445376890606,-1.09002734100843,-0.191445376890606,0.617109246218788
