SR_44100:0.977653253113771,-1.93060238852953,0.953074550243205,1.93060238852953,-0.930727803356976,1.01318490302502,-1.75787770853228,0.7707018360679,1.75787770853228,-0.78388673909292,0.989214266203219,-1.68855519964886,0.812425699941113,1.68855519964886,-0.801639966144332,0.881383583063895,-1.11005331430617,0.64302146455082,1.11005331430617,-0.524405047614715,0.913112201621577,-0.28103638384151,0.241970672666555,0.28103638384151,-0.155082874288132
SR_48000:0.979411023471706,-1.93607051582059,0.9567656541446,1.93607051582059,-0.936176677616306,1.0122196141913,-1.77755135169621,0.787489138698433,1.77755135169621,-0.799708752889736,0.990010964367505,-1.71990163088466,0.82628104843569,1.71990163088466,-0.816292012803195,0.888917555651466,-1.19525124949493,0.665695109311765,1.19525124949493,-0.554612664963232,0.917645884545266,-0.415053004329817,0.281523575158333,0.415053004329817,-0.199169459703599
