SR_44100:1.00221351041526,-1.98919611983032,0.987055294598415,1.98919611983032,-0.989268805013677,0.962175396816236,-1.7363061737087,0.832836899903302,1.7363061737087,-0.795012296719538,1.08638078999848,-1.58509008077505,0.691640345125332,1.58509008077505,-0.778021135123808,1.19477177236838,0.184714696471549,0.139220228636721,-0.184714696471549,-0.333992001005103
SR_48000:1.00203454906891,-1.99007503692791,0.988101868353307,1.99007503692791,-0.990136417422218,0.964959024733753,-1.76008481612182,0.845138942305363,1.76008481612182,-0.810097967039116,1.08006676113468,-1.62943293321613,0.714179983410007,1.62943293321613,-0.794246744544683,1.1826581418812,-8.42170168877408E-17,0.192755543093944,8.42170168877408E-17,-0.375413684975148
