SR_44100:1.00117418411212,-1.99695018560222,0.995808431393387,1.99695018560222,-0.996982615505505,0.991032785324979,-1.95837769215789,0.967989095464104,1.95837769215789,-0.959021880789083,0.993924126158276,-1.96502816220157,0.97314811467434,1.96502816220157,-0.967072240832616,1.02032005452848,-1.80111394186929,0.822723126226352,1.80111394186929,-0.843043180754831,0.889476992891293,0.172133754054643,0.353656636420342,-0.172133754054643,-0.243133629311635
SR_48000:1.0010789138715,-1.99720006072485,0.996148524352904,1.99720006072485,-0.997227438224407,0.991747648624299,-1.96174397046316,0.97054099386958,1.96174397046316,-0.962288642493879,0.994410321801329,-1.96797937516174,0.975296821180297,1.96797937516174,-0.969707142981626,1.01878755554175,-1.81923954893381,0.83609300321405,1.81923954893381,-0.854880558755798,0.895703446219862,-7.87282680299626E-17,0.390069206914383,7.87282680299626E-17,-0.285772653134245
