SR_44100:0.966043356891896,-1.90005349319456,0.934635139775635,1.90005349319456,-0.90067849666753,1.02233826199861,-1.87253539856551,0.869364870044596,1.87253539856551,-0.89170313204321,1.10681609822854,-1.68403288891125,0.720722005541938,1.68403288891125,-0.827538103770481,0.864116090337205,-1.0968876279894,0.684361967499924,1.0968876279894,-0.548478057837129,1.07795929390537,0.574907112249318,0.319865018778573,-0.574907112249318,-0.397824312683945
SR_48000:0.968676097773291,-1.9078494252848,0.939703035891618,1.9078494252848,-0.908379133664909,1.0206132438711,-1.88381076628109,0.879452851252699,1.88381076628109,-0.900066095123796,1.09881387876148,-1.71821578342919,0.741644355646824,1.71821578342919,-0.840458234408301,0.872859955839786,-1.1860518192848,0.704672661463093,1.1860518192848,-0.577532617302879,1.07286865571055,0.371960647746031,0.364276928373856,-0.371960647746031,-0.437145584084411
