SR_44100:1.0024717836058,-1.99149738085557,0.989076130995837,1.99149738085557,-0.991547914601638,0.990776059978775,-1.90855952241899,0.919528205569197,1.90855952241899,-0.910304265547972,0.949735948059405,-1.74499392090974,0.868581198413834,1.74499392090974,-0.818317146473239,1.16197734240789,-1.54983639116686,0.576499159906274,1.54983639116686,-0.738476502314162,0.959200145080799,-1.21881336132384,0.76140066985238,1.21881336132384,-0.720600814933179
SR_48000:1.00227173075978,-1.9921893105566,0.98996025009052,1.9921893105566,-0.992231980850303,0.991494604439247,-1.91581339641106,0.925796954279557,1.91581339641106,-0.917291558718804,0.95347817761275,-1.76942513099869,0.878365513529181,1.76942513099869,-0.831843691141931,1.15035726208551,-1.59582361887846,0.606880654659366,1.59582361887846,-0.757237916744873,0.962091398895568,-1.30850218671195,0.778308848199009,1.30850218671195,-0.740400247094576
