SR_44100:1.00090545246189,-1.99559209768678,0.994704874531637,1.99559209768678,-0.99561032699353,0.986527608386703,-1.90696600874679,0.921212866546093,1.90696600874679,-0.907740474932796,1.0433476532263,-1.73131144104856,0.746501034286786,1.73131144104856,-0.789848687513086,1.06063460189417,-1.57435651566819,0.732029759135471,1.57435651566819,-0.79266436102964,0.843295373937569,-0.771571616030748,0.440600341687919,0.771571616030748,-0.283895715625488
SR_48000:1.00083203278311,-1.99595087866237,0.995134236013759,1.99595087866237,-0.995966268796864,0.987575775959459,-1.91426217746361,0.927342596204134,1.91426217746361,-0.914918372163593,1.04016297534593,-1.75540788956279,0.765125169360215,1.75540788956279,-0.805288144706148,1.05617138729393,-1.62147954881499,0.751754613494095,1.62147954881499,-0.807926000788027,0.851900088909262,-0.872457785358193,0.471317205229142,0.872457785358193,-0.323217294138404
