SR_44100:0.966468363790433,-1.89570528935657,0.92958764341736,1.89570528935657,-0.896056007207793,1.04218655448467,-1.69638213047024,0.813559571377516,1.69638213047024,-0.855746125862189,0.944344770224057,-1.41373582906247,0.801323564579778,1.41373582906247,-0.745668334803836,0.935279151620621,-0.667588944729665,0.713970888116828,0.667588944729665,-0.649250039737448,1.50917387705064,-0.0925301859856946,0.0198654443739914,0.0925301859856946,-0.529039321424627
SR_48000:0.969062311232078,-1.90379963030965,0.935034617465278,1.90379963030965,-0.904096928697357,1.03898422798355,-1.73107557654438,0.827712021909472,1.73107557654438,-0.866696249893026,0.948338304487166,-1.47934600401957,0.815579568109314,1.47934600401957,-0.76391787259648,0.939698810573171,-0.817562068815343,0.733503251438369,0.817562068815343,-0.673202062011539,1.47475276616806,-0.28444726734612,0.0861243821153956,0.28444726734612,-0.560877148283454
