SR_44100:1.00081115996574,-1.99372631777821,0.992923252117458,1.99372631777821,-0.993734412083203,0.984210524360843,-1.89125087457535,0.907662458154674,1.89125087457535,-0.891872982515518,0.946809105170556,-1.31090947370289,0.688937328297083,1.31090947370289,-0.635746433467639,1.05518986997595,-1.03286348345674,0.518510759919558,1.03286348345674,-0.573700629895508,0.813801981112062,-0.182398911065801,0.439633249738445,0.182398911065801,-0.253435230850507
SR_48000:1.0007454429104,-1.9942351917216,0.993496582966979,1.9942351917216,-0.994242025877379,0.985429550777484,-1.89969348464856,0.914791377779968,1.89969348464856,-0.900220928557452,0.950410907318789,-1.3805818987289,0.710000824272615,1.3805818987289,-0.660411731591405,1.05155830469862,-1.13260947704014,0.55019337860385,1.13260947704014,-0.601751683302471,0.823948996515264,-0.334942875956206,0.470170900355276,0.334942875956206,-0.29411989687054
