SR_44100:1.00074048432775,-1.99640199453132,0.995669615371506,1.99640199453132,-0.99641009969926,1.00512753474889,-1.95636589187695,0.95526619630007,1.95636589187695,-0.960393731048959,1.12403040185224,-1.27240017164608,0.557239845690259,1.27240017164608,-0.681270247542497,1.36204896254243,-0.155649827736064,-0.292431953207258,0.155649827736064,-0.0696170093351761
SR_48000:1.00068041918601,-1.99669445554129,0.996020878938845,1.99669445554129,-0.996701298124853,1.00471849497989,-1.96014768244153,0.958834754218815,1.96014768244153,-0.963553249198707,1.11538557900193,-1.3514658831469,0.588099885180758,1.3514658831469,-0.703485464182689,1.34226029276087,-0.28999881051641,-0.221790930077227,0.28999881051641,-0.12046936268364
