SR_44100:1.00099122573098,-1.99660246926931,0.995619349520173,1.99660246926931,-0.996610575251153,1.00464347968726,-1.98331648279784,0.979478477117468,1.98331648279784,-0.984121956804727,0.995452936349628,-1.9526080633443,0.960330360941799,1.9526080633443,-0.955783297291427,1.144123325295,-0.671106264515394,-0.257365353540376,0.671106264515394,0.113242028245372,1.08401514151857,-1.04532734644028,0.508675789943688,1.04532734644028,-0.592690931462258
SR_48000:1.00091081402544,-1.99687869405176,0.995974723241261,1.99687869405176,-0.996885537266701,1.0042689470777,-1.98472229609518,0.98113369691704,1.98472229609518,-0.985402643994743,0.995814881262528,-1.95661777708779,0.963488052401106,1.95661777708779,-0.959302933663635,1.13810847640224,-0.740371666054421,-0.204890415225821,0.740371666054421,0.066781938823583,1.07842456335092,-1.14536753233361,0.541369734777073,1.14536753233361,-0.619794298127996
