SR_44100:1.00152279481041,-1.99606853212017,0.994563970968641,1.99606853212017,-0.996086765779053,0.974461786081695,-1.77789593670628,0.850651411723362,1.77789593670628,-0.825113197805056,1.13318398509919,-1.55541196225806,0.59918006989197,1.55541196225806,-0.732364054991161,0.87301341036893,-0.64378284040249,0.66798487621824,0.64378284040249,-0.540998286587171,1.1127717133775,0.22354008576586,0.501613563007815,-0.22354008576586,-0.614385276385316
SR_48000:1.00139929011198,-1.99638875108321,0.995004854482013,1.99638875108321,-0.996404144593997,0.976370059343451,-1.79801246817479,0.861811076945099,1.79801246817479,-0.83818113628855,1.12366372864705,-1.60007048884778,0.627831476612634,1.60007048884778,-0.751495205259689,0.881166220316363,-0.785233587874989,0.689300955433615,0.785233587874989,-0.570467175749978,1.10503777548165,-1.00468598390844E-16,0.535793142588473,1.00468598390844E-16,-0.64083091807012
