SR_44100:1.00197909870417,-1.99320024600992,0.991253516311084,1.99320024600992,-0.993232615015255,1.04115990088666,-1.72381441883239,0.853068571932377,1.72381441883239,-0.894228472819036,1.07233001893247,-1.28506502842704,0.741798382771365,1.28506502842704,-0.814128401703831,0.908188616882872,-0.660261652619778,0.672254370305446,0.660261652619778,-0.580442987188318
SR_48000:1.00181879672969,-1.99375342577828,0.991961959301879,1.99375342577828,-0.993780756031573,1.03797701984389,-1.75759558160782,0.864430728956793,1.75759558160782,-0.902407748800681,1.06694652305256,-1.37433516525523,0.761016231225588,1.37433516525523,-0.82796275427815,0.914224065331326,-0.804011802791341,0.693799540251355,0.804011802791341,-0.608023605582681
