SR_44100:1.00080492069527,-1.99607947562172,0.995292788685297,1.99607947562172,-0.996097709380569,0.970889516995886,-1.86621383793473,0.896082236657689,1.86621383793473,-0.866971753653574,1.1974378176707,-1.23326876995518,0.295192168105681,1.23326876995518,-0.49262998577638,0.844334669612447,-0.637439215353703,0.593002347040695,0.637439215353703,-0.437337016653142,1.22497152993471,-0.00438370968063783,0.0057545826805531,0.00438370968063783,-0.230726112615267
SR_48000:1.00073963811301,-1.99639880859689,0.995674564072218,1.99639880859689,-0.996414202185228,0.973109723908866,-1.87647434990767,0.904007867315256,1.87647434990767,-0.877117591224122,1.18498148319547,-1.29996922783668,0.339658431957322,1.29996922783668,-0.524639915152791,0.853736389616948,-0.768762680529859,0.617583787018922,0.768762680529859,-0.471320176635871,1.21174913086932,-0.166543478832982,0.0641900197358696,0.166543478832982,-0.275939150605188
