SR_44100:1.0014855801704,-1.9949019429714,0.993434585803336,1.9949019429714,-0.994920165973734,0.977474257860995,-1.89629238134322,0.919588254843445,1.89629238134322,-0.89706251270444,1.11598141468074,-1.3499959393567,0.487428520070875,1.3499959393567,-0.603409934751618,0.908188616882872,-0.660261652619778,0.672254370305446,0.660261652619778,-0.580442987188318,1.19477177236838,0.184714696471549,0.139220228636721,-0.184714696471549,-0.333992001005103
SR_48000:1.00136515840656,-1.99531655424857,0.993966781085429,1.99531655424857,-0.995331939491994,0.979217736537089,-1.90437700517894,0.925812074779003,1.90437700517894,-0.905029811316092,1.10822859591656,-1.411552245822,0.521691542284543,1.411552245822,-0.629920138201105,0.914224065331326,-0.804011802791341,0.693799540251355,0.804011802791341,-0.608023605582681,1.1826581418812,-8.42170168877408E-17,0.192755543093944,8.42170168877408E-17,-0.375413684975148
