SR_44100:1.00369985909679,-1.98733044537781,0.983648740119349,1.98733044537781,-0.987348599216138,0.930584683755821,-1.38747674031654,0.59405620459567,1.38747674031654,-0.524640888351491,1.02211877746489,-0.888393427689581,0.615333154024947,0.888393427689581,-0.637451931489834,0.916471457353637,-0.207800405896069,0.511521441360569,0.207800405896069,-0.427992898714206
SR_48000:1.00340099261384,-1.98835521998797,0.984969558940941,1.98835521998797,-0.988370551554783,0.93499684625724,-1.436499236672,0.61985872324251,1.436499236672,-0.55485556949975,1.02061381807839,-1.01183434274303,0.641505847404784,1.01183434274303,-0.662119665483171,0.921554004628725,-0.378600086105041,0.541244399387774,0.378600086105041,-0.462798404016499
