SR_44100:1.00074048432775,-1.99640199453132,0.995669615371506,1.99640199453132,-0.99641009969926,1.00669818045396,-1.9858120382671,0.979841688778052,1.9858120382671,-0.986539869232016,0.979407439230911,-1.90504369138157,0.926489269988686,1.90504369138157,-0.905896709219596,1.01112639472988,-1.89466290758494,0.902930748964291,1.89466290758494,-0.914057143694168,0.913257041866117,-0.762809435512076,0.492723399464164,0.762809435512076,-0.405980441330281
SR_48000:1.00068041918601,-1.99669445554129,0.996020878938845,1.99669445554129,-0.996701298124853,1.0061573155952,-1.98701204300156,0.981469432644746,1.98701204300156,-0.987626748239947,0.981008121684666,-1.91248865621371,0.93220334008474,1.91248865621371,-0.913211461769406,1.01025798296067,-1.90433254735145,0.910506974873374,1.90433254735145,-0.920764957834047,0.918422232588074,-0.877439437818882,0.522929659971322,0.877439437818882,-0.441351892559397
