SR_44100:0.988108973179575,-1.93511543715291,0.947448466359894,1.93511543715291,-0.935557439539469,0.95206528356425,-1.75103360766555,0.888654811141546,1.75103360766555,-0.840720094705797,1.08814988493758,-1.62506442402803,0.734711116404897,1.62506442402803,-0.822861001342476,0.937821228384483,-1.29857591397742,0.778036012911785,1.29857591397742,-0.715857241296268,0.855643148573141,-0.635145634215794,0.664680588928073,0.635145634215794,-0.520323737501214
SR_48000:0.989046485412055,-1.94026414283951,0.951591733915102,1.94026414283951,-0.940638219327156,0.955674237329077,-1.77641693332223,0.897037871862572,1.77641693332223,-0.852712109191649,1.08156193661337,-1.66744133490254,0.754537681775338,1.66744133490254,-0.836099618388707,0.942214113651974,-1.37720723000796,0.793717608148544,1.37720723000796,-0.735931721800518,0.864794706313338,-0.775366498698787,0.685938291084236,0.775366498698787,-0.550732997397574
