SR_44100:1.00110973082678,-1.99460175631528,0.993510245748687,1.99460175631528,-0.994619976575471,0.9901440228253,-1.93226851017795,0.942361815832661,1.93226851017795,-0.932505838657961,0.978519021101999,-1.67868989924684,0.812594952474255,1.67868989924684,-0.791113973576254,0.89075034599168,-0.218388555803753,0.610003733402105,0.218388555803753,-0.500754079393785,1.11807583929699,0.708189457088102,-0.0301210377872556,-0.708189457088102,-0.0879548015097366
SR_48000:1.00101978801054,-1.99504064015352,0.994036235258916,1.99504064015352,-0.99505602326946,0.990919955923571,-1.93761858153207,0.94689950641645,1.93761858153207,-0.937819462340021,0.980097144163058,-1.71059140991185,0.826362864479734,1.71059140991185,-0.806460008642792,0.897641803873327,-0.396574566940277,0.63460466115474,0.396574566940277,-0.532246465028067,1.10885634164633,0.579584171008806,0.0503120003712809,-0.579584171008806,-0.159168342017612
