SR_44100:1.00121208217898,-1.99583714104386,0.994643290410044,1.99583714104386,-0.995855372589027,0.952231212097717,-1.8504491243169,0.899691356953931,1.8504491243169,-0.851922569051648,1.30861275023056,-0.913419708824502,-0.101676902384161,0.913419708824502,-0.2069358478464,1.08116084918349,0.190129161910633,0.291933907170423,-0.190129161910633,-0.373094756353915
SR_48000:1.0011137879789,-1.99617609063124,0.995077694523372,1.99617609063124,-0.996191482502268,0.955847361003345,-1.8618808995481,0.907284829715228,1.8618808995481,-0.863132190718573,1.29205414310214,-0.991285224002019,-0.0425664638316064,0.991285224002019,-0.249487679270531,1.07614011747568,-8.64496193157157E-17,0.335735936341602,8.64496193157157E-17,-0.411876053817287
