SR_44100:0.980500645772173,-1.92923624772932,0.949017604721684,1.92923624772932,-0.929518250493857,0.993169519073782,-1.95005348903178,0.960055049783652,1.95005348903178,-0.953224568857434,0.959630263939524,-1.79631909988142,0.878506452752644,1.79631909988142,-0.838136716692167,1.58888114291963,-0.946425668936486,-0.36788296560502,0.946425668936486,-0.220998177314614,1.28141916987005,0.341066417389415,-0.64575157325113,-0.341066417389415,0.364332403381084
SR_48000:0.98203357851517,-1.93482041729364,0.953025562222504,1.93482041729364,-0.935059140737674,0.993712568552973,-1.95426147245337,0.963230826811009,1.95426147245337,-0.956943395363982,0.962665943524838,-1.81475518029865,0.887642392620412,1.81475518029865,-0.85030833614525,1.556655965615,-1.02229594015444,-0.293028690462062,1.02229594015444,-0.263627275152941,1.2605710632172,0.281938240369869,-0.523830936717831,-0.281938240369869,0.26325987350063
