SR_44100:0.977251862743558,-1.9293249166503,0.952231679298894,1.9293249166503,-0.929483542042452,0.99434734618582,-1.94009900244171,0.950684935648276,1.94009900244171,-0.945032281834096,1.18240584310184,-1.40284463137226,0.648877764492158,1.40284463137226,-0.831283607594003,0.744713838631521,-0.523591376854923,0.508586752761708,0.523591376854923,-0.25330059139323,1.50008846586054,0.165132739730112,-0.307515497320606,-0.165132739730112,-0.19257296853993
SR_48000:0.979040148475924,-1.93489272933447,0.955986861774094,1.93489272933447,-0.935027010250018,0.994795027836236,-1.94521185785152,0.954590614312685,1.94521185785152,-0.949385642148921,1.16869960540164,-1.47748094216049,0.675261594855582,1.47748094216049,-0.843961200257226,0.758357158736695,-0.646603314300043,0.53484946986339,0.646603314300043,-0.293206628600085,1.4686002219213,-7.61345663986544E-17,-0.225187329917026,7.61345663986544E-17,-0.243412892004272
