SR_44100:0.9717470211229,-1.91686326257471,0.945614411608819,1.91686326257471,-0.917361432731719,1.05068775246287,-1.56391041889015,0.703575813975811,1.56391041889015,-0.754263566438681,0.896094982278729,-1.2049610242557,0.758644158518741,1.2049610242557,-0.65473914079747,0.939647354301557,-0.494616071939516,0.647055097014367,0.494616071939516,-0.586702451315924,1.18225197252536,0.726727926468082,-0.0658174802030512,-0.726727926468082,-0.116434492322306
SR_48000:0.973955229530952,-1.92339840762973,0.949865103689278,1.92339840762973,-0.92382033322023,1.0470286486859,-1.6092324838988,0.724974412374107,1.6092324838988,-0.772003061060011,0.90319413356857,-1.29036920528871,0.775134426947918,1.29036920528871,-0.678328560516488,0.94363842786443,-0.656486566404683,0.670395069192139,0.656486566404683,-0.614033497056569,1.16767880103555,0.593542931495158,0.0194070619547668,-0.593542931495158,-0.187085862990317
