SR_44100:0.973752995676928,-1.8941390407839,0.921009103080345,1.8941390407839,-0.894762098757273,1.01467154554468,-1.87219813811733,0.872002030115448,1.87219813811733,-0.886673575660129,1.07198139213949,-1.69136255091648,0.811799727115998,1.69136255091648,-0.883781119255488,0.955720517816613,-1.29868894601763,0.804310028673912,1.29868894601763,-0.760030546490525,1.22292922689839,0.214904397285236,0.329089927156758,-0.214904397285236,-0.552019154055151
SR_48000:0.975782202460351,-1.90237005785257,0.927116042443219,1.90237005785257,-0.902898244903571,1.01354137153025,-1.88312557494868,0.881861930629903,1.88312557494868,-0.895403302160149,1.06644169724534,-1.72909063285408,0.826283638301718,1.72909063285408,-0.892725335547059,0.958922237913974,-1.38128527214681,0.81845979924828,1.38128527214681,-0.777382037162254,1.20786124025295,-9.68846448419828E-17,0.374437341484369,9.68846448419828E-17,-0.582298581737319
