SR_44100:0.978733156510093,-1.92293435138169,0.944396383159336,1.92293435138169,-0.92312953966943,1.06298929078296,-1.62628979757556,0.631635881621347,1.62628979757556,-0.694625172404309,0.960823599081472,-1.53201821261787,0.826862727512145,1.53201821261787,-0.787686326593617,1.04598169013242,-1.16634620676089,0.73109707163476,1.16634620676089,-0.777078761767177,0.821902129800202,-0.172605213838804,0.364231355262068,0.172605213838804,-0.18613348506227
SR_48000:0.980399936017423,-1.92898895287447,0.948754292179892,1.92898895287447,-0.929154228197315,1.05858142010623,-1.65752361936583,0.657413301490318,1.65752361936583,-0.715994721596549,0.963696306959887,-1.58473114098242,0.839558452363378,1.58473114098242,-0.803254759323265,1.04262220060315,-1.26810105713124,0.750743512851508,1.26810105713124,-0.793365713454654,0.83126289436936,-0.318065322354936,0.397647142869004,0.318065322354936,-0.228910037238363
