SR_44100:0.974584940259144,-1.91529243369072,0.94096461109794,1.91529243369072,-0.915549551357084,1.13234890548256,-1.77767178249262,0.745234896153493,1.77767178249262,-0.877583801636049,0.661279158710183,-0.547569306395852,0.34797911632484,0.547569306395852,-0.00925827503502249,1.09737522622821,-0.802474535256805,0.569657225223403,0.802474535256805,-0.667032451451612,1.16226614395974,0.594368533343207,0.282876504129697,-0.594368533343207,-0.445142648089441
SR_48000:0.976569608471292,-1.9219265261082,0.94557469901197,1.9219265261082,-0.922144307483262,1.12219000112466,-1.80210380814461,0.764790285102642,1.80210380814461,-0.886980286227305,0.676316446136257,-0.641172860156705,0.376925151644932,0.641172860156705,-0.0532415977811888,1.09062716214756,-0.938973122526921,0.599479806729211,0.938973122526921,-0.69010696887677,1.15133585985453,0.383703883952772,0.331182104775099,-0.383703883952772,-0.482517964629625
