SR_44100:0.989273088443927,-1.92550733907954,0.937268553603918,1.92550733907954,-0.926541642047845,1.03630558964045,-1.76433511135723,0.787683329120135,1.76433511135723,-0.823988918760587,1.03949563611303,-1.42704862422775,0.655430900148073,1.42704862422775,-0.694926536261106,1.11951343932126,-0.683844046971814,0.301080196923154,0.683844046971814,-0.420593636244417
SR_48000:0.990115214778104,-1.93143287751497,0.942193345116833,1.93143287751497,-0.932308559894937,1.03359264908662,-1.78638101045821,0.803548723743613,1.78638101045821,-0.837141372830236,1.03673006280761,-1.48634941230159,0.67955840379672,1.48634941230159,-0.716288466604334,1.11221850760701,-0.80888791602051,0.343741275594638,0.80888791602051,-0.45595978320165
