SR_44100:0.975551022287682,-1.91856495291633,0.943208675398695,1.91856495291633,-0.918759697686377,1.0143465965137,-1.91630811497373,0.916100478179491,1.91630811497373,-0.930447074693191,0.962873329918425,-1.68865979025486,0.782881614907247,1.68865979025486,-0.745754944825672,1.05142055189262,-1.60072656355452,0.816440395655651,1.60072656355452,-0.867860947548269,0.885903933653507,-0.749616974473977,0.49576068077549,0.749616974473977,-0.381664614428996
SR_48000:0.977463186651143,-1.92494860520256,0.947650347698213,1.92494860520256,-0.925113534349355,1.01321809025712,-1.92394729905537,0.922700031962751,1.92394729905537,-0.935918122219867,0.965537597605738,-1.7152605066097,0.798462368485556,1.7152605066097,-0.763999966091294,1.04749382221335,-1.65037612966205,0.830457922106935,1.65037612966205,-0.877951744320281,0.892587274915224,-0.863153394009401,0.525297224460698,0.863153394009401,-0.417884499375923
