SR_44100:1.00080492069527,-1.99607947562172,0.995292788685297,1.99607947562172,-0.996097709380569,0.978223258878552,-1.91198493840736,0.934462451714606,1.91198493840736,-0.912685710593158,1.04340971536943,-1.86631443870572,0.869357572778547,1.86631443870572,-0.912767288147976,0.777746820256344,-0.393237676760736,0.483739049419032,0.393237676760736,-0.261485869675376,1.39234899054892,0.498301746002079,-0.180782320431781,-0.498301746002079,-0.211566670117139
SR_48000:1.00073963811301,-1.99639880859689,0.995674564072218,1.99639880859689,-0.996414202185228,0.979921514912554,-1.91890126855365,0.939573388020852,1.91890126855365,-0.919494902933405,1.04002315658947,-1.88019725901521,0.879549490766891,1.88019725901521,-0.919572647356356,0.789771932901851,-0.529344769882525,0.511671590552405,0.529344769882525,-0.301443523454256,1.36516019012413,0.327717482751239,-0.098957068860678,-0.327717482751239,-0.266203121263457
