SR_44100:0.998024810391025,-1.9892632975954,0.991270792274781,1.9892632975954,-0.989295602665806,0.98281769980787,-1.90594509694705,0.924064066106545,1.90594509694705,-0.906881765914415,0.937872575747079,-1.26186476878675,0.636676114660205,1.26186476878675,-0.574548690407285,0.918766445231316,-0.443794925179155,0.640994175641822,0.443794925179155,-0.559760620873138,0.859652436206248,0.558792651060581,0.498991311208138,-0.558792651060581,-0.358643747414386
SR_48000:0.998184505286154,-1.99013377697307,0.991976552322276,1.99013377697307,-0.99016105760843,0.984153947155159,-1.91332980537089,0.929969514684116,1.91332980537089,-0.914123461839275,0.941939513184224,-1.33234628752996,0.660459742081841,1.33234628752996,-0.602399255266065,0.924056629074021,-0.6078659936702,0.664373760800502,0.6078659936702,-0.588430389874523,0.868150538093287,0.361693954776589,0.529327590432065,-0.361693954776589,-0.397478128525352
