SR_44100:1.00052387686001,-1.9974419759404,0.996936345285375,1.9974419759404,-0.997460222145389,0.987380937163313,-1.91280726912732,0.926203170430702,1.91280726912732,-0.913584107594015,0.763779765731109,-0.507622052772095,0.451295667262112,0.507622052772095,-0.215075432993221,1.11807583929699,0.708189457088102,-0.0301210377872556,-0.708189457088102,-0.0879548015097366
SR_48000:1.00048136152222,-1.99765093511329,0.997184976834151,1.99765093511329,-0.997666338356372,0.988365479030638,-1.91966824536093,0.931960814189762,1.91966824536093,-0.9203262932204,0.776134924148867,-0.628064889796082,0.479994855443297,0.628064889796082,-0.256129779592164,1.10885634164633,0.579584171008806,0.0503120003712809,-0.579584171008806,-0.159168342017612
