SR_44100:1.00151296758929,-1.99481841793539,0.993313549084902,1.99481841793539,-0.99482651667419,1.01112639472988,-1.89466290758494,0.902930748964291,1.89466290758494,-0.914057143694168,0.974517637658977,-1.64222183208174,0.777685954245222,1.64222183208174,-0.752203591904199,1.13105126526384,-1.46389317176252,0.695587478847393,1.46389317176252,-0.826638744111235,1.12058782311045,0.440878636071166,0.467070830931868,-0.440878636071166,-0.587658654042319
SR_48000:1.00139033109408,-1.99523902571045,0.993855532212239,1.99523902571045,-0.99524586330632,1.01025798296067,-1.90433254735145,0.910506974873374,1.90433254735145,-0.920764957834047,0.976352872947509,-1.67611352985621,0.793696973021479,1.67611352985621,-0.770049845968988,1.12123247320577,-1.52959439738254,0.718395066695196,1.52959439738254,-0.839627539900966,1.11232914702259,0.210917091278319,0.503569453028028,-0.210917091278319,-0.615898600050617
