SR_44100:1.00121208217898,-1.99583714104386,0.994643290410044,1.99583714104386,-0.995855372589027,0.996789725651861,-1.98243915784128,0.985812424532554,1.98243915784128,-0.982602150184415,1.19428694102576,-1.19452326450863,0.492023504519228,1.19452326450863,-0.686310445544984,0.781046069705254,-0.430941365608599,0.491402713258003,0.430941365608599,-0.272448782963257,1.55498792519697,0.520621134562813,-0.289154081636164,-0.520621134562813,-0.265833843560811
SR_48000:1.0011137879789,-1.99617609063124,0.995077694523372,1.99617609063124,-0.996191482502268,0.997048475447897,-1.98386674630744,0.986955950555674,1.98386674630744,-0.984004426003571,1.18068211681803,-1.28435017317517,0.527594247906224,1.28435017317517,-0.708276364724256,0.792969688528027,-0.564860345181465,0.519099499395821,0.564860345181465,-0.312069187923848,1.51493036360936,0.341336772558321,-0.1961063473044,-0.341336772558321,-0.318824016304961
