SR_44100:1.00069820699717,-1.99658263810649,0.995916855043742,1.99658263810649,-0.996615062040913,0.98281769980787,-1.90594509694705,0.924064066106545,1.90594509694705,-0.906881765914415,1.03225314405724,-1.76929117517574,0.811382207548227,1.76929117517574,-0.843635351605468,0.936054149635028,-1.47403609425917,0.717395935830553,1.47403609425917,-0.65345008546558,0.958661370206418,-0.454678943213825,0.639352195358458,0.454678943213825,-0.598013565564876
SR_48000:1.0006415658809,-1.99686228777237,0.996248094760855,1.99686228777237,-0.996889660641753,0.984153947155159,-1.91332980537089,0.929969514684116,1.91332980537089,-0.914123461839275,1.02981962631256,-1.79221080019495,0.825613525402962,1.79221080019495,-0.855433151715526,0.940423186816598,-1.52307213297055,0.736704579893804,1.52307213297055,-0.677127766710402,0.961415096805019,-0.621780766051682,0.663376345586162,0.621780766051682,-0.624791442391181
