SR_44100:0.993157133209453,-1.97519381643124,0.982108856761285,1.97519381643124,-0.975265989970738,1.0159368299275,-1.93583750967846,0.929568331927992,1.93583750967846,-0.945505161855489,0.937731360292109,-1.69924133364832,0.812601253844066,1.69924133364832,-0.750332614136175,0.97010438986396,-1.10336617584094,0.739183755779536,1.10336617584094,-0.709288145643496,0.909462066536339,-0.392645874374496,0.470530218301996,0.392645874374496,-0.379992284838335
SR_48000:0.993706795418963,-1.97719179848828,0.983545986201951,1.97719179848828,-0.977252781620915,1.01467430216808,-1.94164263858383,0.93514798211486,1.94164263858383,-0.949822284282939,0.942208796990275,-1.72468318376336,0.826076191263045,1.72468318376336,-0.76828498825332,0.972211418449867,-1.2070221539994,0.757565962389162,1.2070221539994,-0.72977738083903,0.914803458134498,-0.542098010363705,0.501766909214276,0.542098010363705,-0.416570367348774
