SR_44100:0.964763397540593,-1.83798949750445,0.874213391964461,1.83798949750445,-0.838976789505055,1.06346927948567,-1.69213924051968,0.719502106388733,1.69213924051968,-0.782971385874399,0.755136188088712,-0.983436709056417,0.528649260510483,0.983436709056417,-0.283785448599194,0.936349537784727,-0.633129261210856,0.627769322262873,0.633129261210856,-0.5641188600476,1.62702992575923,0.628047599739571,-0.456496891916415,-0.628047599739571,-0.170533033842816
SR_48000:0.967413720654348,-1.85024928472511,0.883674439040763,1.85024928472511,-0.851088159695111,1.05882085709725,-1.72140775003462,0.740045473181825,1.72140775003462,-0.798866330279071,0.768433103489953,-1.05980100613007,0.554245165672555,1.05980100613007,-0.322678269162508,0.940503821205294,-0.778162345179834,0.65206375280322,0.778162345179834,-0.592567574008514,1.57620386428059,0.473673430713767,-0.338435540247502,-0.473673430713767,-0.237768324033088
