SR_44100:0.988990526370018,-1.9495625781593,0.960698698299091,1.9495625781593,-0.949689224669109,0.992923767937994,-1.97111543300468,0.978703934723014,1.97111543300468,-0.971627702661008,1.02759668139172,-1.8622819362229,0.878038461067032,1.8622819362229,-0.905635142458752,1.06830896516067,-1.48724481285681,0.698113465323648,1.48724481285681,-0.766422430484316,0.888651889080569,-0.516983379838037,0.348831393366638,0.516983379838037,-0.237483282447206
SR_48000:0.989864347048481,-1.95357526357962,0.963818038175909,1.95357526357962,-0.953682385224391,0.993491214961788,-1.97346998359792,0.980411678159642,1.97346998359792,-0.973902893121429,1.02545121729225,-1.87621419280516,0.887520184596849,1.87621419280516,-0.912971401889099,1.06334533763312,-1.54446554479381,0.720049858448491,1.54446554479381,-0.783395196081611,0.894659634192448,-0.639312291433912,0.383964948675375,0.639312291433912,-0.278624582867824
