SR_44100:0.992039987468131,-1.96328775386215,0.971584576649872,1.96328775386215,-0.963624564118003,0.98836633273926,-1.88208575492515,0.898505185622593,1.88208575492515,-0.886871518361853,1.02466194165732,-1.89219181471234,0.89100833122258,1.89219181471234,-0.915670272879904,1.06928524044288,-1.54784848884291,0.752667545281156,1.54784848884291,-0.82195278572404,1.18225197252536,0.726727926468082,-0.0658174802030512,-0.726727926468082,-0.116434492322306
SR_48000:0.99267592527173,-1.96624593027834,0.973854729095143,1.96624593027834,-0.966530654366873,0.989262427743918,-1.89152676049817,0.906322926505481,1.89152676049817,-0.895585354249399,1.02273549126449,-1.90236493011529,0.899522139504563,1.90236493011529,-0.922257630769053,1.06411012179835,-1.60124974225582,0.771141534685417,1.60124974225582,-0.835251656483768,1.16767880103555,0.593542931495158,0.0194070619547668,-0.593542931495158,-0.187085862990317
