SR_44100:1.00074048432775,-1.99640199453132,0.995669615371506,1.99640199453132,-0.99641009969926,1.08181639500254,-1.69451244274386,0.70793419084826,1.69451244274386,-0.789750585850796,0.938635688000669,-1.47675079727917,0.815322846599153,1.47675079727917,-0.753958534599821,1.11640522590929,-0.922798062281445,0.584459979034361,0.922798062281445,-0.700865204943647
SR_48000:1.00068041918601,-1.99669445554129,0.996020878938845,1.99669445554129,-0.996701298124853,1.07580252180326,-1.72400664885053,0.729402342091411,1.72400664885053,-0.805204863894667,0.94305712103582,-1.53432539606346,0.828629239847613,1.53432539606346,-0.771686360883433,1.10819992279901,-1.0482573249142,0.613751033622676,1.0482573249142,-0.721950956421685
