SR_44100:1.00147831608192,-1.99280069667416,0.991354743109007,1.99280069667416,-0.992833059190924,0.879970596445452,-1.50894952710651,0.747952855307635,1.50894952710651,-0.627923451753086,1.07826243266697,-1.18065723380961,0.720621023178123,1.18065723380961,-0.798883455845096,0.962448151704679,-0.682985884025691,0.672388956393463,0.682985884025691,-0.634837108098142,1.2501225586389,0.74514259069406,-0.105398570952998,-0.74514259069406,-0.144723987685903
SR_48000:1.00135859828827,-1.99338613105494,0.992054857985114,1.99338613105494,-0.993413456273379,0.888045422119741,-1.55078752392537,0.76490900684069,1.55078752392537,-0.65295442896043,1.07247948979945,-1.28251089088249,0.741264805977764,1.28251089088249,-0.813744295777212,0.964995911675198,-0.829806058805025,0.694616205934852,0.829806058805025,-0.65961211761005,1.22965702003355,0.607352208926895,-0.0149526021797615,-0.607352208926895,-0.214704417853791
