SR_44100:1.00060407681315,-1.99706330142366,0.996467332463277,1.99706330142366,-0.99707140927643,0.970003566699376,-1.83683229014624,0.867432930941399,1.83683229014624,-0.837436497640775,1.42904942542905,-1.21327844188765,0.174101054888406,1.21327844188765,-0.60315048031746
SR_48000:1.00055506159721,-1.99730219251379,0.996753975582837,1.99730219251379,-0.997309037180045,0.972257932319261,-1.84914046116814,0.877395936870123,1.84914046116814,-0.849653869189384,1.40008184787761,-1.29312156313842,0.229862210420191,1.29312156313842,-0.629944058297805
