SR_44100:0.986744165520099,-1.94667212969376,0.960106294718541,1.94667212969376,-0.94685046023864,1.09267325427398,-1.74324580408197,0.757699438354667,1.74324580408197,-0.850372692628646,1.10238513571912,-1.01021432826333,0.547516292306394,1.01021432826333,-0.649901428025512,0.60622131468356,-0.288901411938999,0.0853109114818301,0.288901411938999,0.30846777383461,1.26557909326006,0.365864237288174,0.0519434061549402,-0.365864237288174,-0.317522499415005
SR_48000:0.987794871888556,-1.95091243375272,0.963268417047701,1.95091243375272,-0.951063288936257,1.08565422705679,-1.77058704461091,0.776051165077261,1.77058704461091,-0.861705392134048,1.09535872552791,-1.12007627688145,0.578569004331078,1.12007627688145,-0.673927729858988,0.619724228035999,-0.368200195517032,0.116676162998065,0.368200195517032,0.263599608965935,1.24840772912522,0.177730855995395,0.11324124701102,-0.177730855995395,-0.361648976136236
