SR_44100:1.00406707059788,-1.98604255069627,0.982025875429513,1.98604255069627,-0.986092946027396,0.962175396816236,-1.7363061737087,0.832836899903302,1.7363061737087,-0.795012296719538,1.07774921430212,-1.7058322188306,0.796719361584161,1.7058322188306,-0.874468575886284,1.09296654353502,0.177502310192474,0.18893828851043,-0.177502310192474,-0.281904832045447
SR_48000:1.0037387317495,-1.98717311413681,0.983476945240127,1.98717311413681,-0.987215676989624,0.964959024733753,-1.76008481612182,0.845138942305363,1.76008481612182,-0.810097967039116,1.07179208923327,-1.74066919665156,0.812294672511608,1.74066919665156,-0.884086761744874,1.08739682195555,-8.11256799875417E-17,0.237529832790657,8.11256799875417E-17,-0.324926654746209
