SR_44100:1.00233098338261,-1.99182718950364,0.989698387406265,1.99182718950364,-0.992029370788875,1.01112639472988,-1.89466290758494,0.902930748964291,1.89466290758494,-0.914057143694168,1.02632153030269,-1.53973111974583,0.770364858103105,1.53973111974583,-0.796686388405799
SR_48000:1.00214228422194,-1.99250389666267,0.990532329709125,1.99250389666267,-0.992674613931061,1.01025798296067,-1.90433254735145,0.910506974873374,1.90433254735145,-0.920764957834047,1.02438095180269,-1.59213175479603,0.787294915515609,1.59213175479603,-0.811675867318303
