SR_44100:0.992928167480272,-1.93059680819644,0.938303691105199,1.93059680819644,-0.93123185858547,1.06076723023724,-1.62294312423475,0.817119776387453,1.62294312423475,-0.877887006624695,0.903369085772731,-1.16479277325452,0.65504974703438,1.16479277325452,-0.558418832807111,1.09788358146,-1.14431230025687,0.705417357422507,1.14431230025687,-0.803300938882507,1.67632245753721,0.417195711210762,-1.03540628371093,-0.417195711210762,0.359083826173719
SR_48000:0.993484587945763,-1.93610506691596,0.943158032440146,1.93610506691596,-0.936642620385909,1.05610400218378,-1.67019987381206,0.831153856694289,1.67019987381206,-0.887257858878069,0.909631499582162,-1.24632673622674,0.677405131385375,1.24632673622674,-0.587036630967536,1.09063252831483,-1.25134056336022,0.72723955032874,1.25134056336022,-0.817872078643574,1.60971102001421,0.387386610701445,-0.834937798611322,-0.387386610701445,0.225226778597111
