SR_44100:1.00121208217898,-1.99583714104386,0.994643290410044,1.99583714104386,-0.995855372589027,0.992794115280733,-1.96690904017744,0.974276640383366,1.96690904017744,-0.9670707556641,0.973738215982504,-1.74676069427955,0.846419942240842,1.74676069427955,-0.820158158223346,1.19354764323205,-1.50456262497381,0.627430349745056,1.50456262497381,-0.820977992977109,0.809018044492586,-0.418005883703874,0.425235894530672,0.418005883703874,-0.234253939023257
SR_48000:1.0011137879789,-1.99617609063124,0.995077694523372,1.99617609063124,-0.996191482502268,0.993370731752151,-1.96956907355628,0.976335029246499,1.96956907355628,-0.96970576099865,0.975695736129672,-1.77108618571583,0.857867605395278,1.77108618571583,-0.83356334152495,1.17907673459411,-1.56405145766262,0.655286133882129,1.56405145766262,-0.834362868476234,0.819221248070256,-0.548972206047692,0.455942644609023,0.548972206047692,-0.275163892679279
