SR_44100:1.0014855801704,-1.9949019429714,0.993434585803336,1.9949019429714,-0.994920165973734,0.969639502790828,-1.79095328999685,0.822450488821514,1.79095328999685,-0.792089991612342,1.01351464175513,-1.92530147690529,0.940273017498464,1.92530147690529,-0.953787659253597,0.977278238850383,-1.79347738688666,0.899582818754934,1.79347738688666,-0.876861057605317,1.1934968196416,-1.3852848073545,0.593680219567577,1.3852848073545,-0.787177039209176
SR_48000:1.00136515840656,-1.99531655424857,0.993966781085429,1.99531655424857,-0.995331939491994,0.971869394569011,-1.80639270433027,0.835490993147567,1.80639270433027,-0.807360387716577,1.01243983816945,-1.93336325625313,0.945023034266781,1.93336325625313,-0.95746287243623,0.979019901447312,-1.81547918949694,0.907279970727968,1.81547918949694,-0.886299872175279,1.17926148871114,-1.45852348267248,0.62357268265178,1.45852348267248,-0.80283417136292
