SR_44100:0.977061587567104,-1.9328572312274,0.955844689427289,1.9328572312274,-0.932906276994393,0.982910805342566,-1.8760964711171,0.900061644677389,1.8760964711171,-0.882972450019955,1.05203856916925,-1.82381507210603,0.814234215391123,1.82381507210603,-0.866272784560373,1.30632125207958,-0.796010427264375,-0.0934967783195812,0.796010427264375,-0.212824473759994,0.857888899149932,-0.522511694409483,0.572313732256345,0.522511694409483,-0.430202631406277
SR_48000:0.978867756538553,-1.93814771920719,0.959321475456593,1.93814771920719,-0.938189231995146,0.984224611262164,-1.88613713982767,0.907744838967684,1.88613713982767,-0.891969450229848,1.04806822955041,-1.84041969547462,0.828407419347956,1.84041969547462,-0.876475648898366,1.28965527330095,-0.8878802036445,-0.034003047544317,0.8878802036445,-0.255652225756638,0.866455159538406,-0.664891435835112,0.598094068290278,0.664891435835112,-0.464549227828684
