SR_44100:0.984939698427487,-1.94546675112777,0.960623811496035,1.94546675112777,-0.945563509923522,1.01914180207217,-1.89323101749498,0.88805790703707,1.89323101749498,-0.907199709109245,1.05455252445928,-1.68525307699649,0.835823060672804,1.68525307699649,-0.890375585132081,0.907510321236272,-1.19654713523844,0.758179409081784,1.19654713523844,-0.665689730318056,1.32190459588098,0.763404521061397,-0.149125749951815,-0.763404521061397,-0.172778845929168
SR_48000:0.986132700554114,-1.94979384232408,0.963742997150951,1.94979384232408,-0.949875697705065,1.01765263086178,-1.90258139182092,0.896766645192628,1.90258139182092,-0.914419276054405,1.05034136302787,-1.72441676812882,0.848496637224462,1.72441676812882,-0.898838000252334,0.913869104934945,-1.28407777511551,0.774804883968147,1.28407777511551,-0.688673988903092,1.29497419499906,0.62099190702693,-0.0529903809451965,-0.62099190702693,-0.241983814053861
