SR_44100:0.99936263840511,-1.9937409328744,0.994439509458637,1.9937409328744,-0.993802147863746,1.00253349141466,-1.98674114732196,0.985184031765052,1.98674114732196,-0.987717523179715,1.00456783388178,-1.96152725261387,0.960149156620432,1.96152725261387,-0.964716990502208,0.868408886126449,-0.973900556518298,0.418442582638314,0.973900556518298,-0.286851468764763,0.935457910042813,-0.573338232560063,0.436919821332578,0.573338232560063,-0.372377731375391
SR_48000:0.999414276593726,-1.99425260487663,0.994890013005878,1.99425260487663,-0.994304289599603,1.00232880619622,-1.98788526368592,0.986381039845282,1.98788526368592,-0.988709846041507,1.00420270756766,-1.96484086942657,0.963334603362622,1.96484086942657,-0.967537310930283,0.875636743115714,-1.05200423476534,0.450385574227972,1.05200423476534,-0.326022317343686,0.939245072217213,-0.704602487845912,0.46995990347461,0.704602487845912,-0.409204975691823
