SR_44100:0.9940730576665,-1.95861659775709,0.965338982861649,1.95861659775709,-0.959412040528149,1.01677600218151,-1.89922824211332,0.901893207929557,1.89922824211332,-0.918669210111062,0.934842162874925,-1.54351085517136,0.712039647937439,1.54351085517136,-0.646881810812363,1.22960445370958,-1.35450150719205,0.517858580878068,1.35450150719205,-0.747463034587644,0.908188616882872,-0.660261652619778,0.672254370305446,0.660261652619778,-0.580442987188318
SR_48000:0.99454564043449,-1.96197575736766,0.968102667490064,1.96197575736766,-0.962648307924555,1.01546373203341,-1.90856224462099,0.909567420961184,1.90856224462099,-0.925031152994589,0.939277203243736,-1.58224183257973,0.731639988316493,1.58224183257973,-0.670917191560228,1.21302763604481,-1.42847768037438,0.552667881239135,1.42847768037438,-0.765695517283945,0.914224065331326,-0.804011802791341,0.693799540251355,0.804011802791341,-0.608023605582681
