SR_44100:1.00305186716456,-1.99594460290718,0.992910968269433,1.99594460290718,-0.995962835433992,0.994975660439536,-1.9506352084366,0.956166495084547,1.9506352084366,-0.951142155524083,1.16934715487245,-1.37660493246565,0.60663184547699,1.37660493246565,-0.775979000349438,0.827607216153426,-0.26131510402634,0.384597208120571,0.26131510402634,-0.212204424273997,1.34801518721676,0.534943184684134,-0.0473588315657201,-0.534943184684134,-0.300656355651039
SR_48000:1.00280436269418,-1.99627485425935,0.993485884197731,1.99627485425935,-0.996290246891914,0.995374722082814,-1.9545939548102,0.95964800151772,1.9545939548102,-0.955022723600533,1.15696083954545,-1.45005313516576,0.635403406506123,1.45005313516576,-0.79236424605157,0.836774984540908,-0.403116921017046,0.417324043519792,0.403116921017046,-0.254099028060699,1.32403270597385,0.349107976523888,0.0248169367779188,-0.349107976523888,-0.348849642751765
