SR_44100:1.0024717836058,-1.99149738085557,0.989076130995837,1.99149738085557,-0.991547914601638,0.993243216746653,-1.96280621882896,0.970138884740614,1.96280621882896,-0.963382101487267,0.971958216932574,-1.57531689871676,0.836010430201702,1.57531689871676,-0.807968647134276,1.08631646044211,-1.31209763306218,0.740228844963501,1.31209763306218,-0.826545305405615,1.58052687169356,0.342774636324155,-0.747107506692703,-0.342774636324155,0.166580634999145
SR_48000:1.00227173075978,-1.9921893105566,0.98996025009052,1.9921893105566,-0.992231980850303,0.993782967079924,-1.96582040802777,0.972524272329467,1.96582040802777,-0.966307239409391,0.97403582559343,-1.6235887041663,0.848160376219178,1.6235887041663,-0.822196201812608,1.07985193185899,-1.39879407834453,0.759683976096108,1.39879407834453,-0.839535907955101,1.5391038033997,0.237249031946748,-0.62244393452192,-0.237249031946748,0.0833401311222233
