SR_44100:0.993430756845574,-1.9698820888356,0.976549305095236,1.9698820888356,-0.96998006194081,0.988568616835931,-1.70256203881713,0.801197235523734,1.70256203881713,-0.789765852359665,0.794534198774721,-0.965558854203876,0.568546814387646,0.965558854203876,-0.363081013162367,0.727759849518295,-0.00428748488973057,0.475951161395877,0.00428748488973057,-0.203711010914172,1.17077247323143,0.628881702544394,0.00131513209143821,-0.628881702544394,-0.172087605322864
SR_48000:0.993957142868101,-1.9723027252786,0.978428382749426,1.9723027252786,-0.972385525617527,0.989407949064103,-1.73086328434626,0.815794031456458,1.73086328434626,-0.805201980520561,0.806322240263878,-1.0522919166919,0.593300267382242,1.0522919166919,-0.39962250764612,0.742014754694236,-0.162558090448205,0.503391149541071,0.162558090448205,-0.245405904235307,1.15878700970766,0.470774730356159,0.0714066452583772,-0.470774730356159,-0.23019365496604
