SR_44100:1.0013536840629,-1.99650310407608,0.995167657641775,1.99650310407608,-0.996521341704679,0.983594383800899,-1.88722256199284,0.904059241300822,1.88722256199284,-0.88765362510172,1.36887443175251,-1.14120597947405,0.289934944538424,1.14120597947405,-0.658809376290936,0.856663875140682,-0.501761806370518,0.568626997418048,0.501761806370518,-0.42529087255873,0.914569907764562,0.879437836263309,0.254688039519431,-0.879437836263309,-0.169257947283993
SR_48000:1.00124387296537,-1.99678813450836,0.995559658133301,1.99678813450836,-0.996803531098669,0.98485835568857,-1.89594382801055,0.911451004000006,1.89594382801055,-0.896309359688577,1.34327550733505,-1.23548816152822,0.339211609228578,1.23548816152822,-0.682487116563631,0.865280486704759,-0.645670435390931,0.594558866345901,0.645670435390931,-0.45983935305066,0.921157555636,0.7507962848952,0.312160209120815,-0.7507962848952,-0.233317764756816
