SR_44100:1.00118819240964,-1.99840994381105,0.997240006448584,1.99840994381105,-0.998428198858225,0.985665156865912,-1.85984932605679,0.874939500123623,1.85984932605679,-0.860604656989535,1.34121091477826,-1.24288039247309,0.343185847891256,1.24288039247309,-0.684396762669517,0.834400417195735,-0.493361426055962,0.567028564648425,0.493361426055962,-0.40142898184416,1.20043209056319,0.551730811652362,-0.17213560301066,-0.551730811652362,-0.0282964875525324
SR_48000:1.0010917214734,-1.99854040540072,0.997464094028824,1.99854040540072,-0.998555815502219,0.986755046287104,-1.87056178024818,0.884447948493051,1.87056178024818,-0.871202994780155,1.31726633237456,-1.32623402502866,0.389277985944069,1.32623402502866,-0.706544318318627,0.844198587665073,-0.635500354640906,0.59264655148202,0.635500354640906,-0.436845139147092,1.18601760901346,0.420254726329718,-0.0878390865401262,-0.420254726329718,-0.0981785224733319
