SR_44100:0.97807259471482,-1.91158482119147,0.934009024828994,1.91158482119147,-0.912081619543814,1.01355241328369,-1.88301973260577,0.881765599809084,1.88301973260577,-0.895318013092776,1.04774778431412,-1.63145915822696,0.788982118069562,1.63145915822696,-0.836729902383685,0.97144055351137,-1.40904869298281,0.750840757680335,1.40904869298281,-0.722281311191705,0.860022443239084,-0.879365523756922,0.381379304405757,0.879365523756922,-0.241401747644841
SR_48000:0.979782091164411,-1.9185150262112,0.939153789396105,1.9185150262112,-0.918935880560516,1.01250410027322,-1.89298831732875,0.890911325917847,1.89298831732875,-0.903415426191068,1.04415648230083,-1.67406345947485,0.804853617765396,1.67406345947485,-0.849010100066222,0.973466236387767,-1.47324054644217,0.76851328543272,1.47324054644217,-0.741979521820487,0.867492088800425,-0.963770631778728,0.41439086311507,0.963770631778728,-0.281882951915494
