SR_44100:0.978691938183743,-1.93375131443923,0.955255662523765,1.93375131443923,-0.933947600707508,0.988499552869587,-1.77689056430702,0.799996146623309,1.77689056430702,-0.788495699492896,1.0412618915262,-1.81661778171511,0.817646052494922,1.81661778171511,-0.858907944021117,0.906152645951753,-0.653489228441029,0.181253893079624,0.653489228441029,-0.0874065390313771,1.3251714285732,0.122973065083704,-0.437071627667499,-0.122973065083704,0.111900199094294
SR_48000:0.980370586000602,-1.93898507292747,0.958780618714945,1.93898507292747,-0.939151204715547,0.989343167792972,-1.79412803177232,0.814667422751086,1.79412803177232,-0.804010590544059,1.0381252493071,-1.83370898261041,0.831508216089649,1.83370898261041,-0.869633465396744,0.910716949546732,-0.746241584888249,0.221073937417482,0.746241584888249,-0.131790886964214,1.30695142818126,-5.81934026445938E-17,-0.356549652738002,5.81934026445938E-17,0.0495982245567464
