SR_44100:1.00070125045318,-1.99758387725517,0.996900874303227,1.99758387725517,-0.997602124756403,0.989517267147587,-1.96496798904113,0.975650176823948,1.96496798904113,-0.965167443971535,1.13233327349609,-1.39758635445105,0.527600493762465,1.39758635445105,-0.659933767258552,1.14000149077468,-0.889899683681738,0.500226712698712,0.889899683681738,-0.640228203473396,0.933945261331582,-0.19756683772025,0.423723122757343,0.19756683772025,-0.357668384088925
SR_48000:1.00064433660892,-1.99778133328499,0.997152400924608,1.99778133328499,-0.99779673753353,0.990355349684487,-1.96778366785753,0.977596917418007,1.96778366785753,-0.967952267102494,1.12321547811081,-1.45783634729407,0.560148936978491,1.45783634729407,-0.683364415089304,1.13042178079981,-1.01349394852957,0.534424085305564,1.01349394852957,-0.664845866105372,0.937826723664551,-0.361159363137533,0.457585901378068,0.361159363137533,-0.39541262504262
