SR_44100:0.997804363880177,-1.97848645721142,0.980844760690916,1.97848645721142,-0.978649124571093,1.04907651291045,-1.36582754304297,0.712998413116818,1.36582754304297,-0.762074926027267,0.850647632548284,-0.39867112724944,0.550520992153212,0.39867112724944,-0.401168624701497,1.11807583929699,0.708189457088102,-0.0301210377872556,-0.708189457088102,-0.0879548015097366
SR_48000:0.997981009409115,-1.98022943944117,0.982385857300294,1.98022943944117,-0.980366866709409,1.04551861863143,-1.43950315434074,0.733805133959095,1.43950315434074,-0.779323752590529,0.859508134109974,-0.549799368937592,0.577186853022547,0.549799368937592,-0.436694987132521,1.10885634164633,0.579584171008806,0.0503120003712809,-0.579584171008806,-0.159168342017612
