SR_44100:0.995139138403956,-1.96661479728692,0.97157346948774,1.96661479728692,-0.966712607891696,1.00879473503003,-1.98106943329758,0.973532064854276,1.98106943329758,-0.982326799884304,0.949719714666721,-1.4867521701626,0.777789912845264,1.4867521701626,-0.727509627511985,1.37065932620302,-1.12321738830902,0.0308858405624116,1.12321738830902,-0.401545166765435,0.861614281360689,-0.30413706675545,0.388414317938267,0.30413706675545,-0.250028599298956
SR_48000:0.995528040624757,-1.96929315326067,0.973847786628322,1.96929315326067,-0.969375827253079,1.00808595781529,-1.98268897702569,0.975665144394298,1.98268897702569,-0.983751102209587,0.953293913816942,-1.54061039028005,0.793585827673802,1.54061039028005,-0.746879741490745,1.34828906494056,-1.19537349931192,0.0893744186371822,1.19537349931192,-0.437663483577746,0.869167045836185,-0.446823366174371,0.421793214681489,0.446823366174371,-0.290960260517674
