SR_44100:0.982167377559386,-1.94462432305303,0.962553662390806,1.94462432305303,-0.944721039950192,0.911253727924215,-1.63067139201211,0.732916277101393,1.63067139201211,-0.644170005025608,1.03327622297053,-1.80364890821279,0.881211498170999,1.80364890821279,-0.914487721141527,1.34260453275552,-0.992213704158916,0.340503202142089,0.992213704158916,-0.683107734897613,0.828176652281429,-0.00466988842127246,0.482894116945118,0.00466988842127246,-0.311070769226547
SR_48000:0.983579423294525,-1.94901638719749,0.965518786645173,1.94901638719749,-0.949098209939698,0.9172779210843,-1.65676007032067,0.751046209762473,1.65676007032067,-0.668324130846773,1.03067817325601,-1.82713564990019,0.890485941173068,1.82713564990019,-0.921164114429083,1.31852653167637,-1.10755486593009,0.386852164553079,1.10755486593009,-0.70537869622945,0.837930472187355,-0.176233711918481,0.51224843766219,0.176233711918481,-0.350178909849544
