SR_44100:0.994005864795245,-1.95875307673364,0.964946036021422,1.95875307673364,-0.958951900816667,0.964554782032638,-1.59990055890733,0.843352420903369,1.59990055890733,-0.807907202936007,1.03496768613247,-1.44049335393986,0.845462838335323,1.44049335393986,-0.88043052446779,0.910378597202785,-1.06356790172062,0.765678712770691,1.06356790172062,-0.676057309973477,1.12699343488377,-0.660523853025782,0.617810657517265,0.660523853025782,-0.744804092401032
SR_48000:0.994483699011147,-1.96205602185571,0.967740431346154,1.96205602185571,-0.962224130357301,0.967180562191873,-1.64463442924166,0.854956866545736,1.64463442924166,-0.822137428737609,1.03228135824924,-1.51406220762229,0.857334870267938,1.51406220762229,-0.88961622851718,0.916575900029691,-1.16914125669618,0.781881984873407,1.16914125669618,-0.698457884903097,1.11783259654827,-0.820977568057892,0.645380388056786,0.820977568057892,-0.763212984605057
