SR_44100:0.989662378976023,-1.95264795150926,0.963097058371023,1.95264795150926,-0.952759437347045,1.00741717104136,-1.9865536882198,0.980607299018254,1.9865536882198,-0.988024470059612,1.07195791779178,-1.5403524259248,0.681987182888911,1.5403524259248,-0.753945100680695,1.10201839120773,-1.1393078799665,0.403392000949301,1.1393078799665,-0.505410392157035,0.73900370152621,-0.388620519850778,0.0683029349191706,0.388620519850778,0.192693363554619
SR_48000:0.990484062206273,-1.95642005523173,0.966030279487672,1.95642005523173,-0.956514341693946,1.0068178381436,-1.98775001659428,0.982174295870563,1.98775001659428,-0.988992134014158,1.06676221598062,-1.58899968520308,0.704949211537625,1.58899968520308,-0.771711427518247,1.09554788415883,-1.21920930225543,0.441231808238836,1.21920930225543,-0.536779692397667,0.749151642498558,-0.474279421343708,0.104528762165911,0.474279421343708,0.146319595335531
