SR_44100:0.97633311548055,-1.90433374477971,0.928774026457493,1.90433374477971,-0.905107141938043,1.1070913134851,-1.67277018929472,0.677706499363964,1.67277018929472,-0.784797812849066,1.10533268449049,-1.35342531053116,0.682999129331313,1.35342531053116,-0.788331813821802,0.815783271926964,-0.212927971458876,0.518352765031852,0.212927971458876,-0.334136036958817,1.18225197252536,0.726727926468082,-0.0658174802030512,-0.726727926468082,-0.116434492322306
SR_48000:0.97817205039252,-1.91182502985583,0.934308338727396,1.91182502985583,-0.912480389119916,1.09923636650802,-1.70502581007209,0.701346123122123,1.70502581007209,-0.800582489630141,1.09758864787563,-1.43112502416448,0.706304966083471,1.43112502416448,-0.803893613959096,0.826288505938513,-0.372445592098176,0.545819417855855,0.372445592098176,-0.372107923794367,1.16767880103555,0.593542931495158,0.0194070619547668,-0.593542931495158,-0.187085862990317
