SR_44100:1.0014855801704,-1.9949019429714,0.993434585803336,1.9949019429714,-0.994920165973734,0.983371953562052,-1.93304694755957,0.949957553784505,1.93304694755957,-0.933329507346557,1.02278970337622,-1.74114268637024,0.866724821188741,1.74114268637024,-0.889514524564964,1.1859497611604,-1.42049640327368,0.568066470105409,1.42049640327368,-0.754016231265813
SR_48000:1.00136515840656,-1.99531655424857,0.993966781085429,1.99531655424857,-0.995331939491994,0.984681538454162,-1.93834115694279,0.95389877633116,1.93834115694279,-0.938580314785322,1.02103156897887,-1.77197115987131,0.877006467786486,1.77197115987131,-0.898038036765354,1.17249407152244,-1.48597001446806,0.599322027984168,1.48597001446806,-0.771816099506611
