SR_44100:0.977340234583773,-1.92432210675838,0.947364748404429,1.92432210675838,-0.924704982988203,1.009066232746,-1.94335417476898,0.946980275678894,1.94335417476898,-0.956046508424891,0.943345069926228,-1.71485989348093,0.829495827929069,1.71485989348093,-0.772840897855296,1.07722783719774,-1.74277072484552,0.837830937420178,1.74277072484552,-0.915058774617914,1.05775773492542,-1.41407247680611,0.496108109873693,1.41407247680611,-0.55386584479911
SR_48000:0.979117533959736,-1.93028650368131,0.951493149475494,1.93028650368131,-0.93061068343523,1.0083444517043,-1.94881113781589,0.951201282675166,1.94881113781589,-0.959545734379471,0.947466726443904,-1.73992641792557,0.841900037610239,1.73992641792557,-0.789366764054142,1.07119529245912,-1.77541360644703,0.850498547452137,1.77541360644703,-0.921693839911255,1.05401077158989,-1.46232415493572,0.528797488011701,1.46232415493572,-0.582808259601593
