SR_44100:0.977591332193599,-1.91850374108486,0.941411005389296,1.91850374108486,-0.919002337582895,1.05516093004531,-1.68851365669133,0.756220256276233,1.68851365669133,-0.811381186321543,1.07596077739554,-1.44841395059058,0.771394485125549,1.44841395059058,-0.847355262521088,0.857888899149932,-0.522511694409483,0.572313732256345,0.522511694409483,-0.430202631406277,1.36243772665224,0.158103421323935,-1.11955162513959,-0.158103421323935,0.757113898487347
SR_48000:0.979344157927224,-1.9249157876308,0.945993888153594,1.9249157876308,-0.925338046080818,1.05106349592801,-1.72069029906756,0.774328570226329,1.72069029906756,-0.825392066154342,1.07021545544837,-1.51805548063955,0.788685149161461,1.51805548063955,-0.858900604609827,0.866455159538406,-0.664891435835112,0.598094068290278,0.664891435835112,-0.464549227828684,1.33716998896319,0.182692597660364,-0.971784793642466,-0.182692597660364,0.634614804679271
