SR_44100:0.97171686795735,-1.91713264145855,0.945556368254969,1.91713264145855,-0.917273236212319,1.19114641743416,-1.66977428779327,0.632052590764187,1.66977428779327,-0.823199008198349,0.759798770108561,-0.766843327415605,0.37197745599253,0.766843327415605,-0.131776226101091,0.92535682972368,-0.50422687935177,0.563483486318885,0.50422687935177,-0.488840316042565,1.48979764182728,0.556089304976399,-0.137726787322995,-0.556089304976399,-0.352070854504288
SR_48000:0.973927306586827,-1.92361958331034,0.949811353401478,1.92361958331034,-0.923738659988305,1.1768446783554,-1.70569132176233,0.6595827318583,1.70569132176233,-0.836427410213701,0.771581568193641,-0.85185496642428,0.402784387465207,0.85185496642428,-0.174365955658847,0.930033989071801,-0.654751285727224,0.590835718077194,0.654751285727224,-0.520869707148994,1.45480569963461,0.361922191929428,-0.056445730467473,-0.361922191929428,-0.398359969167134
