SR_44100:0.986610272910249,-1.94592644030285,0.959703342167736,1.94592644030285,-0.946313615077985,0.976142204227977,-1.81411114714552,0.860478570296964,1.81411114714552,-0.836620774524942,1.11838610379058,-1.21226699375578,0.643714596677959,1.21226699375578,-0.762100700468538,0.933211689580781,-0.224482414408775,0.609419049178591,0.224482414408775,-0.542630738759372,1.27784729037528,0.837101721619881,0.00814874962947762,-0.837101721619881,-0.285996040004755
SR_48000:0.987671328879925,-1.95024040982378,0.962896611833675,1.95024040982378,-0.9505679407136,0.977935110544074,-1.82976513793679,0.870963564591313,1.82976513793679,-0.848898675135387,1.10979025446025,-1.30663455398332,0.669583981238234,1.30663455398332,-0.779374235698486,0.937534639289475,-0.406924228554455,0.634699847524538,0.406924228554455,-0.572234486814013,1.25563480664273,0.671538520298321,0.087442233953909,-0.671538520298321,-0.343077040596643
