SR_44100:0.949966013184932,-1.84447942791536,0.894934714821088,1.84447942791536,-0.844900728006021,1.07001866735719,-1.71502859367759,0.690557560030372,1.71502859367759,-0.760576227387559,0.762164613177908,-0.793965341627756,0.4475439090492,0.793965341627756,-0.209708522227109,0.839767100223269,-0.567140688349351,0.517775807341369,0.567140688349351,-0.357542907564638
SR_48000:0.953740163266693,-1.85624225674969,0.902859970829846,1.85624225674969,-0.856600134096539,1.06494917216805,-1.73905937877491,0.712961827634298,1.73905937877491,-0.777910999802349,0.77448644092694,-0.884344592122313,0.476165675063739,0.884344592122313,-0.250652115990678,0.849001668652652,-0.697284549380363,0.545567430108074,0.697284549380363,-0.394569098760725
