SR_44100:1.00163364009364,-1.99440578870328,0.992780245673213,1.99440578870328,-0.994413885766852,0.989914712960874,-1.94483807529818,0.955428802818243,1.94483807529818,-0.945343515779117,1.04970717790479,-1.60717173599398,0.780322719705622,1.60717173599398,-0.830029897610415,0.96243941420904,-1.31895392251894,0.780344056923163,1.31895392251894,-0.742783471132203,1.46894442504973,0.25808226949377,-1.07246599477941,-0.25808226949377,0.603521569729686
SR_48000:1.00150124741658,-1.99485975666159,0.993365345541144,1.99485975666159,-0.994866592957724,0.99071355181975,-1.94924516978475,0.95895921342106,1.94924516978475,-0.94967276524081,1.04598062846376,-1.65273248158331,0.796791935633696,1.65273248158331,-0.842772564097454,0.965131699866347,-1.3972700561326,0.796088660811375,1.3972700561326,-0.761220360677721,1.4290686275629,0.266415418928941,-0.896237789705019,-0.266415418928941,0.467169162142118
