SR_44100:1.00163364009364,-1.99440578870328,0.992780245673213,1.99440578870328,-0.994413885766852,0.992224000146422,-1.95734983864283,0.965634530637098,1.95734983864283,-0.95785853078352,1.02810329901329,-1.63678895381643,0.835650682268624,1.63678895381643,-0.863753981281916,0.96243941420904,-1.31895392251894,0.780344056923163,1.31895392251894,-0.742783471132203,1.46894442504973,0.25808226949377,-1.07246599477941,-0.25808226949377,0.603521569729686
SR_48000:1.00150124741658,-1.99485975666159,0.993365345541144,1.99485975666159,-0.994866592957724,0.992843563022504,-1.96078607988957,0.96837264399066,1.96078607988957,-0.961216207013164,1.02596189219899,-1.68086114691034,0.84817372266859,1.68086114691034,-0.87413561486758,0.965131699866347,-1.3972700561326,0.796088660811375,1.3972700561326,-0.761220360677721,1.4290686275629,0.266415418928941,-0.896237789705019,-0.266415418928941,0.467169162142118
