SR_44100:1.00269714826868,-1.99563716758713,0.992948121381269,1.99563716758713,-0.995645269649953,0.991716390227505,-1.91706222982232,0.927731864992259,1.91706222982232,-0.919448255219763,0.968232908243354,-1.7680607668356,0.859607633864707,1.7680607668356,-0.827840542108061,0.925533734855509,-1.04778498326801,0.670901723047841,1.04778498326801,-0.596435457903349,1.85361397019066,-0.176143625401446,-0.64316471653115,0.176143625401446,-0.210449253659508
SR_48000:1.00247844327806,-1.99599154364083,0.993519940537479,1.99599154364083,-0.995998383815542,0.992364520637145,-1.92373009957132,0.933386305173887,1.92373009957132,-0.925750825811033,0.970609719486541,-1.78986221732343,0.870111779376174,1.78986221732343,-0.840721498862714,0.930469048469648,-1.14776302288078,0.692712984878687,1.14776302288078,-0.623182033348334,1.80119181472872,-0.325836912907678,-0.542254657385403,0.325836912907678,-0.258937157343312
