SR_44100:1.00309241182188,-1.99710723940348,0.994047260035401,1.99710723940348,-0.997139671857279,0.956451313510988,-1.84184227636911,0.886138980681433,1.84184227636911,-0.842590294192421,0.951356253444572,-1.77987255330397,0.872817597663418,1.77987255330397,-0.82417385110799,1.35291650908924,-1.27788024297645,0.258918266720243,1.27788024297645,-0.611834775809482,0.931345515860223,-0.823988594042105,0.696586469166953,0.823988594042105,-0.627931985027176
SR_48000:1.00284148339612,-1.99734438877502,0.994530284856894,1.99734438877502,-0.997371768253017,0.959732625378613,-1.85381534638162,0.894718194983202,1.85381534638162,-0.854450820361814,0.95498849640409,-1.79961501937583,0.88231434530672,1.79961501937583,-0.83730284171081,1.32905204872999,-1.34998691718547,0.309030730125415,1.34998691718547,-0.638082778855409,0.935978140719329,-0.954043023361542,0.717060019920966,0.954043023361542,-0.653038160640294
