SR_44100:0.973359892660883,-1.92179808678593,0.948719109629307,1.92179808678593,-0.92207900229019,0.972727720709409,-1.83864794497816,0.917923517073017,1.83864794497816,-0.890651237782426,0.972748087509731,-1.32047971507605,0.840629627769592,1.32047971507605,-0.813377715279323,1.39336519364596,0.0605034989556005,-1.30041680033389,-0.0605034989556005,0.907051606687932
SR_48000:0.975446743961365,-1.92794506409106,0.952736195273809,1.92794506409106,-0.928182939235174,0.974832138688038,-1.85496528683118,0.924256806067817,1.85496528683118,-0.899088944755856,0.974772874858682,-1.40486127655907,0.852470672452419,1.40486127655907,-0.827243547311102,1.37634673783323,0.0877273044871947,-1.20089212885885,-0.0877273044871947,0.824545391025611
